Input file location: CSV File Read Successfully!
      YEAR  MONTH  DAY  ...  WIND_SPEED  WIND_DIRECTION  BAROMETRIC_AIR_PRESSURE
0     2018      1    1  ...           2              20                   1005.7
1     2018      1    2  ...           2              40                   1004.9
2     2018      1    3  ...           2              60                   1005.9
3     2018      1    4  ...           1             120                   1006.2
4     2018      1    5  ...           1             160                   1005.9
...    ...    ...  ...  ...         ...             ...                      ...
2186  2023     12   27  ...           1              20                   1011.0
2187  2023     12   28  ...           1              90                   1010.0
2188  2023     12   29  ...           1              70                   1008.0
2189  2023     12   30  ...           1             180                   1006.8
2190  2023     12   31  ...           1              40                   1007.1

[2191 rows x 10 columns]
      RAINFALL  TMAX  TMIN  ...  WIND_SPEED  WIND_DIRECTION  BAROMETRIC_AIR_PRESSURE
0          0.0  29.2  21.4  ...           2              20                   1005.7
1          0.0  29.6  23.6  ...           2              40                   1004.9
2         -1.0  29.7  23.4  ...           2              60                   1005.9
3          0.0  32.3  23.0  ...           1             120                   1006.2
4          0.0  32.6  24.2  ...           1             160                   1005.9
...        ...   ...   ...  ...         ...             ...                      ...
2186       0.2  30.4  24.5  ...           1              20                   1011.0
2187       0.0  30.7  23.5  ...           1              90                   1010.0
2188      -1.0  31.2  23.2  ...           1              70                   1008.0
2189       7.2  31.5  23.8  ...           1             180                   1006.8
2190      14.5  32.2  23.8  ...           1              40                   1007.1

[2191 rows x 7 columns]
      YEAR  MONTH  DAY
0     2018      1    1
1     2018      1    2
2     2018      1    3
3     2018      1    4
4     2018      1    5
...    ...    ...  ...
2186  2023     12   27
2187  2023     12   28
2188  2023     12   29
2189  2023     12   30
2190  2023     12   31

[2191 rows x 3 columns]
0        0.0
1        0.0
2       -1.0
3        0.0
4        0.0
        ... 
2186     0.2
2187     0.0
2188    -1.0
2189     7.2
2190    14.5
Name: RAINFALL, Length: 2191, dtype: float64
0.0
0.0
-1.0
yes
0.0
44.2
0.0
6.5
---
12.675
---
0.0
0.0
0.0
4.4
18.0
0.0
-1.0
yes
0.0
0.0
0.0
0.0
---
0.0
---
-1.0
yes
0.0
0.0
0.0
0.0
---
0.0
---
0.0
0.0
0.0
0.0
28.5
0.4
0.4
0.0
0.0
0.0
0.4
0.5
16.0
0.0
4.3
10.3
-1.0
yes
0.0
0.0
0.0
0.0
---
0.0
---
2.2
0.0
-1.0
yes
0.0
0.4
0.0
0.0
---
0.1
---
0.0
0.0
0.0
0.0
0.5
-1.0
yes
0.0
0.0
3.5
---
1.1666666666666667
---
0.2
0.0
0.0
0.0
0.4
0.0
0.0
0.2
0.0
0.0
0.0
0.0
0.0
0.4
0.0
0.0
0.0
0.0
-1.0
yes
0.0
0.0
0.0
0.0
0.0
---
0.0
---
0.0
0.3
0.0
0.0
-1.0
yes
0.0
0.0
0.4
0.0
0.0
---
0.08
---
0.0
0.0
0.0
0.0
1.6
6.8
0.0
0.0
0.0
0.0
0.0
0.0
0.0
0.0
0.0
0.0
0.0
0.0
0.9
-1.0
yes
0.0
0.0
0.0
0.0
---
0.0
---
0.0
0.0
0.0
0.0
0.0
0.0
1.0
9.4
0.0
-1.0
yes
0.0
0.0
0.0
10.2
0.0
---
2.04
---
3.4
12.6
-1.0
yes
0.0
0.0
1.1
30.8
0.0
---
6.380000000000001
---
-1.0
yes
0.0
0.0
68.2
0.0
---
17.05
---
0.0
-1.0
yes
0.0
0.0
0.0
0.0
---
0.0
---
0.0
0.0
41.0
0.6
0.0
0.0
0.0
0.0
-1.0
yes
0.0
4.0
0.0
---
1.3333333333333333
---
0.0
-1.0
yes
0.0
0.4
0.0
0.0
0.0
---
0.08
---
0.0
0.0
0.0
-1.0
yes
0.0
26.4
1.8
1.0
7.0
---
7.24
---
0.0
19.8
9.3
20.0
0.0
0.0
1.6
6.5
10.9
0.0
0.0
0.0
-1.0
yes
0.0
0.0
0.0
0.0
---
0.0
---
0.0
-1.0
yes
2.0
0.0
0.0
0.0
---
0.5
---
0.0
-1.0
yes
15.8
4.8
0.6
0.0
6.2
---
5.48
---
1.0
-1.0
yes
0.0
0.0
0.0
---
0.0
---
27.2
0.0
-1.0
yes
0.0
9.2
0.0
15.6
1.4
---
5.239999999999999
---
9.5
6.2
-1.0
yes
0.2
1.6
0.0
34.6
23.0
---
11.879999999999999
---
0.0
5.3
-1.0
yes
1.8
0.0
0.0
16.0
3.0
---
4.16
---
0.0
1.0
-1.0
yes
0.0
14.6
0.8
10.0
6.8
---
6.4399999999999995
---
12.3
3.6
0.8
-1.0
yes
3.3
14.6
0.0
0.7
1.2
---
3.9599999999999995
---
0.0
0.0
9.2
0.0
-1.0
yes
0.0
12.0
3.6
7.1
1.2
---
4.779999999999999
---
1.9
2.6
-1.0
yes
0.0
0.0
4.8
---
1.5999999999999999
---
29.6
110.6
0.8
16.8
193.5
20.0
91.8
16.0
82.6
9.2
16.6
21.1
0.2
0.0
0.0
5.2
97.1
1.4
12.6
0.9
35.5
14.6
-1.0
yes
2.1
6.8
33.6
8.6
0.0
---
10.22
---
-1.0
yes
72.6
4.0
0.1
17.8
20.6
---
23.02
---
-1.0
yes
27.0
4.0
0.0
1.1
---
8.025
---
6.2
0.7
8.2
6.2
1.6
-1.0
yes
8.6
35.2
2.8
12.6
0.0
---
11.84
---
3.7
17.9
0.8
24.2
2.8
14.6
-1.0
yes
32.2
6.4
2.2
43.0
---
20.950000000000003
---
31.8
21.2
42.8
89.9
142.0
11.7
54.5
69.7
65.0
25.7
6.4
13.6
0.0
1.1
9.0
47.7
0.6
54.6
0.4
5.4
73.0
-1.0
yes
35.8
2.6
1.0
0.0
4.2
---
8.72
---
16.8
-1.0
yes
28.4
0.2
2.2
40.5
0.0
---
14.26
---
-1.0
yes
11.3
13.4
0.0
6.6
---
7.825000000000001
---
17.1
13.4
17.8
27.8
270.1
52.6
11.0
11.3
1.4
28.8
16.2
2.2
21.6
44.2
17.2
0.6
-1.0
yes
12.5
0.0
1.0
62.0
0.3
---
15.16
---
37.4
6.2
0.0
0.0
0.0
0.0
2.2
24.6
-1.0
yes
5.6
0.6
33.5
---
13.233333333333334
---
115.7
0.2
38.2
-1.0
yes
10.4
0.0
4.0
7.8
---
5.55
---
29.0
28.2
1.8
4.4
4.6
61.4
76.1
11.6
60.7
62.4
23.2
13.2
0.0
11.0
31.3
44.5
3.3
5.2
0.8
4.0
3.5
0.0
0.0
0.0
0.0
0.0
78.6
12.8
0.0
0.0
0.0
0.2
8.8
0.0
2.8
0.0
0.0
-1.0
yes
0.0
38.6
1.8
36.8
4.2
---
16.279999999999998
---
1.8
1.4
4.0
12.0
0.1
0.0
5.9
0.0
0.0
0.8
0.0
0.0
0.0
0.0
5.0
-1.0
yes
1.1
4.1
0.0
119.3
0.0
---
24.9
---
47.3
0.0
0.0
0.0
-1.0
yes
2.8
0.0
2.6
---
1.8
---
0.0
-1.0
yes
9.3
0.0
5.2
2.0
---
4.125
---
-1.0
yes
8.0
0.0
0.0
5.2
---
3.3
---
0.5
1.4
-1.0
yes
4.4
2.6
0.0
0.0
0.0
---
1.4
---
0.0
0.0
-1.0
yes
62.5
0.0
1.3
---
21.266666666666666
---
0.0
0.0
0.0
0.0
0.0
0.2
0.0
0.0
4.4
-1.0
yes
20.0
7.6
0.6
0.0
---
7.050000000000001
---
0.0
-1.0
yes
2.0
0.0
---
1.0
---
-1.0
yes
0.7
0.4
5.6
---
2.233333333333333
---
0.0
0.0
-1.0
yes
9.8
9.6
6.6
---
8.666666666666666
---
0.0
0.0
0.3
0.3
-1.0
yes
55.0
0.0
0.0
0.4
1.8
---
11.44
---
2.8
0.1
0.0
1.8
0.0
0.0
0.0
-1.0
yes
0.0
0.0
3.9
---
1.3
---
0.0
16.7
14.7
-1.0
yes
0.0
0.8
0.0
2.6
5.0
---
1.6800000000000002
---
0.0
0.0
-1.0
yes
0.0
33.8
49.6
0.7
1.6
---
17.14
---
-1.0
yes
0.0
18.1
9.0
0.0
---
6.775
---
-1.0
yes
34.0
4.8
---
19.4
---
2.2
3.8
59.6
11.0
0.0
3.2
-1.0
yes
0.0
35.8
0.0
0.2
---
9.0
---
15.9
8.6
7.8
17.3
4.4
0.0
-1.0
yes
12.675
0.0
44.2
0.0
6.5
---
12.675
---
0.0
0.0
-1.0
yes
0.0
0.0
0.0
0.0
46.0
---
9.2
---
0.0
0.0
0.0
0.0
-1.0
yes
0.0
0.0
0.0
0.0
0.0
---
0.0
---
0.0
-1.0
yes
0.0
0.0
0.0
0.7
---
0.175
---
0.0
0.0
0.0
0.0
0.0
0.0
0.0
0.0
-1.0
yes
0.4
0.0
14.6
0.0
---
3.75
---
0.0
0.0
0.0
0.2
-1.0
yes
10.3
0.0
6.0
0.0
---
4.075
---
-1.0
yes
0.0
0.0
0.0
0.0
0.0
---
0.0
---
0.0
-1.0
yes
0.0
0.0
0.0
11.6
0.0
---
2.32
---
0.0
-1.0
yes
0.0
0.0
0.0
0.0
---
0.0
---
0.0
0.3
0.0
0.0
0.0
0.0
0.0
0.0
0.4
0.0
0.0
4.4
0.0
0.0
0.0
0.0
0.0
0.0
0.0
0.0
0.0
0.0
0.0
0.0
0.0
0.0
0.0
-1.0
yes
0.0
0.0
0.0
0.0
---
0.0
---
0.0
0.0
0.0
0.0
0.0
0.0
0.0
0.0
0.0
0.0
0.0
0.0
0.0
2.8
0.0
0.0
0.0
0.0
0.0
0.0
0.0
0.0
0.0
0.0
0.0
0.0
0.0
0.0
0.0
0.0
0.0
0.0
0.0
0.0
0.0
0.0
0.0
0.0
0.0
0.0
0.0
-1.0
yes
0.0
4.6
5.2
---
3.266666666666667
---
0.0
0.0
0.0
0.0
0.0
0.0
0.0
0.0
0.0
0.0
0.0
0.0
0.0
0.0
0.0
0.4
0.0
0.0
23.0
8.0
0.0
0.0
0.0
3.4
2.0
69.6
15.8
1.6
-1.0
yes
0.0
0.0
0.0
0.0
---
0.0
---
0.0
0.0
0.0
4.2
-1.0
yes
6.2
0.0
0.0
3.9
0.0
---
2.02
---
0.2
2.0
8.2
1.8
24.0
9.0
0.0
20.1
0.1
55.4
3.3
-1.0
yes
0.0
0.0
0.4
9.2
0.0
---
1.92
---
2.2
0.0
0.0
0.0
0.0
6.0
0.0
13.4
0.0
0.0
0.0
5.5
4.8
0.0
0.0
12.6
34.7
1.4
-1.0
yes
21.1
0.0
0.0
21.0
0.8
---
8.58
---
-1.0
yes
0.2
0.0
0.0
0.0
0.0
---
0.04
---
0.0
2.7
16.2
3.6
0.5
111.0
89.4
1.6
1.8
2.1
72.6
27.0
28.4
41.6
-1.0
yes
8.2
4.0
0.2
28.3
---
10.175
---
0.0
0.0
8.6
-1.0
yes
3.7
1.0
15.0
4.0
0.0
---
4.74
---
7.5
0.0
0.0
0.2
0.0
32.2
12.9
23.0
0.8
6.2
16.2
23.8
8.5
0.0
19.8
6.3
0.2
12.0
8.6
1.0
70.0
20.6
8.4
12.9
6.4
33.0
101.6
35.8
12.0
28.4
11.3
17.6
67.6
53.3
3.0
0.0
0.2
0.2
-1.0
yes
11.3
13.0
20.6
14.2
39.7
---
19.76
---
0.0
4.4
0.6
0.0
0.7
11.8
23.1
1.0
12.5
37.2
16.7
15.4
1.2
0.8
13.7
7.6
10.0
-1.0
yes
13.233333333333334
5.6
0.6
33.5
---
13.233333333333334
---
9.0
10.0
0.0
10.4
0.1
0.5
21.9
20.5
-1.0
yes
4.6
6.4
41.6
33.4
0.0
---
17.2
---
24.5
15.2
-1.0
yes
11.6
0.0
2.8
0.4
---
3.6999999999999997
---
18.4
44.6
30.4
20.8
36.5
28.0
32.7
0.0
0.0
5.5
7.0
0.0
1.2
23.2
0.0
2.8
0.0
0.0
6.8
23.0
22.6
0.0
0.2
0.0
-1.0
yes
8.8
5.0
1.0
11.0
---
6.45
---
0.0
0.0
2.5
62.2
0.0
0.0
0.0
-1.0
yes
4.0
0.8
1.0
2.8
---
2.15
---
0.0
-1.0
yes
0.1
1.9
0.0
10.2
0.6
---
2.5599999999999996
---
3.0
0.2
7.5
25.8
0.0
7.6
4.2
-1.0
yes
0.0
0.2
6.8
0.0
0.0
---
1.4
---
6.0
1.2
1.1
0.5
11.4
26.8
22.7
-1.0
yes
1.8
2.8
0.0
2.6
---
1.7999999999999998
---
0.0
9.3
8.0
19.0
-1.0
yes
1.4
1.0
4.8
0.0
---
1.7999999999999998
---
4.4
0.0
-1.0
yes
0.0
153.0
0.0
0.0
0.0
---
30.6
---
-1.0
yes
21.266666666666666
62.5
0.0
1.3
---
21.266666666666666
---
0.0
0.0
5.7
1.2
0.2
0.0
0.0
5.4
-1.0
yes
4.4
0.0
0.8
0.0
---
1.3
---
20.0
2.4
2.0
0.7
-1.0
yes
0.0
1.6
0.0
0.0
0.8
---
0.4800000000000001
---
0.2
-1.0
yes
8.666666666666666
9.8
9.6
6.6
---
8.666666666666668
---
0.0
0.0
0.0
-1.0
yes
0.3
0.0
0.0
0.4
0.0
---
0.13999999999999999
---
55.0
0.0
9.9
0.0
2.6
0.0
0.0
0.0
0.0
-1.0
yes
0.0
0.0
0.0
---
0.0
---
0.8
1.2
0.0
0.0
0.0
0.0
0.0
-1.0
yes
19.4
34.0
4.8
---
19.4
---
0.0
0.0
-1.0
yes
59.6
0.0
0.0
0.0
---
14.9
---
0.0
55.0
0.4
0.0
0.0
0.0
0.0
-1.0
yes
17.3
0.0
14.5
---
10.6
---
-1.0
yes
0.0
4.4
0.0
4.7
---
2.2750000000000004
---
-1.0
yes
0.0
0.0
0.0
0.0
19.8
---
3.96
---
0.0
0.4
0.0
0.0
2.4
0.0
0.0
-1.0
yes
0.0
0.0
0.0
0.0
0.0
---
0.0
---
0.0
0.0
-1.0
yes
0.0
0.175
0.0
0.0
0.7
---
0.175
---
0.0
0.0
0.0
-1.0
yes
0.4
0.0
1.5
0.0
---
0.475
---
-1.0
yes
0.4
0.0
0.0
0.0
---
0.1
---
0.0
0.0
0.0
0.0
0.0
6.4
0.2
0.0
0.0
0.0
0.0
0.0
-1.0
yes
0.1
0.0
0.4
0.0
0.0
---
0.1
---
0.0
-1.0
yes
0.0
0.0
0.0
0.0
---
0.0
---
1.4
0.0
0.0
-1.0
yes
1.1666666666666667
0.0
0.0
3.5
---
1.1666666666666667
---
49.4
8.7
0.0
0.0
0.0
0.0
0.4
0.0
0.0
0.0
-1.0
yes
0.0
0.0
0.0
0.0
---
0.0
---
0.0
0.0
0.0
0.0
0.0
0.0
0.0
0.0
4.4
-1.0
yes
0.3
0.0
0.0
0.0
0.0
---
0.06
---
0.0
0.0
0.0
0.0
0.0
-1.0
yes
0.0
0.0
0.0
0.0
0.0
---
0.0
---
0.0
0.0
0.0
0.0
0.0
0.0
-1.0
yes
0.0
0.0
0.0
0.0
---
0.0
---
0.0
0.0
0.0
0.8
-1.0
yes
0.0
0.0
0.0
0.0
---
0.0
---
0.0
0.0
0.0
-1.0
yes
0.0
0.0
0.0
0.0
---
0.0
---
0.0
0.0
0.0
0.0
0.0
0.0
0.0
0.0
0.0
-1.0
yes
9.4
0.0
0.0
0.0
0.0
---
1.8800000000000001
---
0.0
0.0
0.0
0.0
0.0
0.0
0.0
-1.0
yes
0.0
0.0
0.0
0.0
0.0
---
0.0
---
0.0
-1.0
yes
0.0
0.0
0.0
0.0
0.0
---
0.0
---
-1.0
yes
41.0
0.0
0.0
0.6
0.2
---
8.360000000000001
---
-1.0
yes
0.6
0.0
0.0
0.4
0.0
---
0.2
---
4.6
1.0
0.6
3.9
4.0
0.0
0.4
0.0
0.0
0.0
26.4
0.0
0.0
0.0
0.0
-1.0
yes
0.0
0.0
1.8
0.0
---
0.45
---
0.0
-1.0
yes
1.6
0.0
0.0
0.0
0.2
---
0.36
---
0.0
0.0
-1.0
yes
0.0
8.0
0.0
0.0
0.0
---
1.6
---
1.2
0.0
0.0
1.0
0.0
0.0
4.8
18.0
0.0
-1.0
yes
27.2
0.0
0.0
0.0
0.0
---
5.4399999999999995
---
16.0
9.2
113.1
0.0
1.6
0.0
-1.0
yes
5.3
8.2
0.0
3.0
14.3
---
6.16
---
0.0
0.0
0.8
14.6
0.0
0.0
1.2
14.6
0.0
3.0
-1.0
yes
9.2
0.0
1.1
---
3.433333333333333
---
0.0
12.0
3.4
0.0
0.0
0.0
0.0
28.4
0.0
21.0
30.4
49.1
23.2
0.4
-1.0
yes
9.2
34.7
0.0
10.8
14.4
---
13.820000000000002
---
12.4
0.0
0.0
0.6
0.9
0.0
0.0
0.0
11.1
0.6
0.6
4.0
6.8
4.0
4.0
0.0
0.0
-1.0
yes
8.2
10.175
4.0
0.2
28.3
---
10.175
---
0.0
52.0
35.2
1.0
0.0
2.6
53.6
4.6
2.9
-1.0
yes
20.950000000000003
32.2
6.4
2.2
43.0
---
20.95
---
5.1
0.0
1.0
-1.0
yes
89.9
6.2
41.8
97.5
29.0
---
52.879999999999995
---
1.4
0.0
2.0
0.4
39.4
0.4
9.8
-1.0
yes
13.6
12.0
130.7
0.0
2.2
---
31.699999999999996
---
28.6
0.0
7.2
4.8
65.6
2.0
40.0
17.9
0.2
2.6
5.4
0.2
13.4
89.2
1.2
50.8
12.0
36.3
0.0
4.4
13.0
1.8
5.0
0.4
6.0
22.9
42.2
1.8
22.8
0.0
0.0
-1.0
yes
6.2
16.7
13.4
---
12.1
---
0.0
0.0
0.0
1.4
1.0
1.0
5.6
3.4
1.4
-1.0
yes
38.2
0.0
3.4
3.3
9.2
---
10.819999999999999
---
0.0
9.0
56.8
0.0
14.6
6.4
32.8
0.2
0.0
27.6
10.0
-1.0
yes
23.2
30.4
21.2
1.4
18.8
---
19.0
---
0.4
-1.0
yes
0.0
36.5
1.4
6.6
0.6
---
9.02
---
35.8
0.0
-1.0
yes
44.5
0.0
0.6
3.6
---
12.175
---
32.2
12.4
4.4
0.6
0.0
0.4
15.4
23.6
26.8
32.9
0.4
0.8
13.8
11.0
2.0
12.6
5.0
1.7
13.8
37.6
84.0
38.6
28.4
-1.0
yes
1.4
0.0
28.8
0.0
1.6
---
6.36
---
0.8
9.3
1.9
1.0
37.2
1.4
-1.0
yes
0.0
25.8
0.0
4.4
0.3
---
6.1000000000000005
---
-1.0
yes
0.8
0.0
5.2
14.6
2.4
---
4.6
---
42.8
47.1
0.2
0.0
-1.0
yes
5.0
1.2
27.6
26.2
---
15.0
---
4.1
0.0
1.0
28.0
-1.0
yes
0.0
22.7
0.0
24.8
---
11.875
---
2.8
7.8
0.0
-1.0
yes
3.3
8.0
0.0
0.0
5.2
---
3.3
---
9.6
1.0
2.6
1.4
153.0
62.5
0.0
5.4
-1.0
yes
0.0
5.7
10.6
0.8
0.8
---
3.5800000000000005
---
3.6
0.0
3.0
0.0
2.0
0.0
-1.0
yes
7.050000000000001
20.0
7.6
0.6
0.0
---
7.05
---
0.7
0.0
-1.0
yes
2.233333333333333
0.7
0.4
5.6
---
2.233333333333333
---
1.6
0.4
9.8
6.8
0.0
0.0
0.0
0.0
0.7
7.4
0.3
12.8
0.2
31.8
4.4
0.0
-1.0
yes
0.0
0.0
0.0
0.0
---
0.0
---
0.8
0.0
0.8
-1.0
yes
0.0
0.0
0.2
1.0
---
0.3
---
3.8
33.8
18.1
-1.0
yes
19.4
19.4
34.0
4.8
---
19.4
---
-1.0
yes
2.2
0.0
0.0
0.4
5.1
---
1.5399999999999998
---
0.0
0.0
0.0
0.0
21.0
35.8
0.0
11.4
3.0
-1.0
yes
17.3
10.6
0.0
14.5
---
10.6
---
-1.0
yes
0.0
4.4
2.2750000000000004
0.0
4.7
---
2.275
---
0.0
44.2
0.8
0.3
0.0
-1.0
yes
4.4
0.0
2.4
0.0
0.0
---
1.36
---
0.0
0.0
0.0
0.0
0.0
0.0
0.0
0.0
0.0
1.5
0.0
-1.0
yes
0.0
0.0
0.0
0.0
---
0.0
---
72.4
0.0
14.6
0.0
37.2
0.2
2.0
6.0
0.0
0.0
0.0
0.4
0.0
0.0
0.0
0.0
0.0
-1.0
yes
1.1666666666666667
0.0
1.1666666666666667
0.0
3.5
---
1.1666666666666667
---
0.0
-1.0
yes
0.0
0.0
8.7
0.0
0.0
---
1.7399999999999998
---
5.4
3.2
-1.0
yes
0.4
0.0
0.0
0.0
0.0
---
0.08
---
0.3
1.0
0.0
1.6
0.4
0.0
0.0
0.0
0.0
0.2
6.1
-1.0
yes
0.0
0.0
0.0
0.0
0.0
---
0.0
---
-1.0
yes
0.0
0.0
0.0
0.0
0.0
---
0.0
---
0.0
0.0
0.0
8.4
-1.0
yes
0.0
0.0
0.0
0.0
0.0
---
0.0
---
0.4
-1.0
yes
0.0
0.0
0.0
0.0
0.0
---
0.0
---
0.0
0.0
0.0
0.0
0.6
-1.0
yes
0.0
0.0
0.0
0.0
0.0
---
0.0
---
0.0
0.0
2.0
-1.0
yes
0.0
0.0
0.0
0.0
5.6
---
1.1199999999999999
---
0.2
2.8
0.0
63.0
1.6
-1.0
yes
0.0
0.0
0.0
0.5
0.0
---
0.1
---
-1.0
yes
0.0
0.0
0.0
0.0
0.0
---
0.0
---
9.0
-1.0
yes
0.0
0.0
0.0
0.0
0.0
---
0.0
---
-1.0
yes
0.0
0.0
0.0
14.4
0.0
---
2.88
---
0.0
-999.0
yes
0.0
0.0
0.0
0.0
0.0
---
0.0
---
-999.0
yes
0.0
0.0
0.0
0.0
0.0
---
0.0
---
-999.0
yes
0.0
0.0
0.0
0.0
0.0
---
0.0
---
-999.0
yes
0.0
0.0
0.0
0.0
0.0
---
0.0
---
0.0
0.0
-1.0
yes
0.0
0.0
0.0
0.0
0.0
---
0.0
---
0.0
0.0
0.0
1.1
-1.0
yes
17.05
0.0
0.0
68.2
0.0
---
17.05
---
0.0
0.0
-1.0
yes
0.0
0.0
0.0
10.2
0.0
---
2.04
---
0.0
0.0
0.0
-1.0
yes
0.0
3.266666666666667
4.6
5.2
---
3.2666666666666666
---
0.4
0.0
-1.0
yes
0.0
0.0
3.9
0.0
0.0
---
0.78
---
0.0
0.0
0.0
53.0
-1.0
yes
0.0
0.0
0.0
0.0
---
0.0
---
0.0
1.8
0.0
0.0
-1.0
yes
9.3
0.0
0.0
0.0
0.0
---
1.86
---
2.8
-1.0
yes
0.0
0.0
0.45
1.8
0.0
---
0.45
---
0.0
0.0
0.0
0.0
0.0
-1.0
yes
0.0
0.0
1.2
0.0
0.0
---
0.24
---
0.0
0.0
0.0
-1.0
yes
0.5
2.0
0.0
0.0
0.0
---
0.5
---
-1.0
yes
0.0
69.6
0.0
0.0
---
17.4
---
0.6
-1.0
yes
1.0
1.6
18.0
9.4
44.6
---
14.919999999999998
---
-1.0
yes
0.0
0.0
0.0
0.0
0.0
---
0.0
---
0.0
0.0
0.0
0.0
0.0
0.0
0.0
0.0
0.0
-1.0
yes
0.0
24.0
0.0
0.0
0.8
---
4.96
---
-1.0
yes
1.0
9.0
0.8
8.0
0.6
---
3.8800000000000003
---
0.8
10.0
-1.0
yes
3.6
0.1
0.0
5.6
11.0
---
4.0600000000000005
---
0.0
0.0
0.4
0.0
1.1
3.8
3.6
50.2
1.0
-1.0
yes
1.5999999999999999
0.0
0.0
4.8
---
1.5999999999999999
---
0.0
0.0
4.9
48.0
15.6
25.2
1.0
-1.0
yes
16.0
0.0
23.2
5.6
---
11.200000000000001
---
-1.0
yes
82.6
12.6
0.4
9.0
7.9
---
22.5
---
0.0
0.0
0.0
0.0
0.0
0.0
17.4
13.6
4.8
0.0
-1.0
yes
0.9
89.4
0.6
0.5
---
22.85
---
0.1
0.0
33.6
0.1
0.0
7.6
4.3
4.0
44.0
10.6
2.8
15.0
-1.0
yes
17.9
7.5
0.0
45.8
0.6
---
14.359999999999996
---
0.6
16.8
1.2
-1.0
yes
14.6
0.0
2.9
52.0
1.2
---
14.14
---
6.4
23.4
2.0
-1.0
yes
42.8
0.8
1.0
16.8
56.8
---
23.639999999999997
---
41.8
-1.0
yes
142.0
16.2
1.4
1.8
---
40.35
---
12.6
9.6
28.4
47.6
101.4
189.0
130.7
26.4
10.0
32.4
39.5
12.2
4.2
6.8
7.6
12.6
1.0
0.9
2.2
0.0
0.0
0.0
29.2
12.4
-1.0
yes
270.1
0.0
36.3
2.2
22.0
---
66.12
---
0.0
0.4
20.6
0.4
0.0
8.2
7.4
4.0
-1.0
yes
44.2
11.8
42.2
31.4
0.0
---
25.919999999999998
---
27.8
12.8
1.0
2.2
13.4
15.2
16.0
19.0
23.6
12.8
0.4
0.6
0.4
70.5
3.4
4.0
3.2
62.2
41.2
0.0
41.6
33.8
3.3
-1.0
yes
11.6
3.6999999999999997
0.0
2.8
0.4
---
3.6999999999999993
---
0.0
25.4
21.2
1.0
1.4
4.0
15.4
0.6
0.0
25.8
6.6
0.0
1.5
0.8
-1.0
yes
0.0
0.0
15.4
6.8
14.6
---
7.359999999999999
---
22.0
10.2
0.0
2.6
19.0
3.8
5.4
0.4
-1.0
yes
0.2
0.0
12.6
7.2
0.0
---
4.0
---
-1.0
yes
8.8
6.45
5.0
1.0
11.0
---
6.45
---
0.4
0.8
7.4
10.1
1.8
5.6
28.8
1.0
0.3
0.0
0.0
-1.0
yes
5.9
0.2
37.2
6.2
53.8
---
20.660000000000004
---
6.0
0.0
5.2
12.6
0.2
6.8
0.0
-1.0
yes
5.0
1.2
15.0
27.6
26.2
---
15.0
---
0.0
0.0
0.0
-1.0
yes
0.0
26.8
28.0
2.8
5.0
---
12.52
---
-1.0
yes
0.0
22.7
11.875
0.0
24.8
---
11.875
---
0.0
0.0
-1.0
yes
4.125
9.3
0.0
5.2
2.0
---
4.125
---
0.0
18.6
4.8
0.0
0.0
0.0
0.0
0.0
0.0
10.6
1.8
0.0
-1.0
yes
0.2
0.0
3.0
3.6
0.0
---
1.36
---
-1.0
yes
0.0
0.0
0.0
23.0
0.0
---
4.6
---
1.3
-1.0
yes
4.4
1.3
0.0
0.8
0.0
---
1.3
---
7.6
0.0
-1.0
yes
1.0
2.0
0.0
---
1.0
---
0.4
0.0
-1.0
yes
0.0
0.2
0.4
0.0
1.2
---
0.36
---
9.6
0.2
0.0
0.0
0.0
0.0
-1.0
yes
2.8
0.0
0.7
1.3
0.0
---
0.96
---
0.0
0.0
-1.0
yes
1.8
2.6
12.8
0.0
---
4.300000000000001
---
0.0
0.0
0.0
-1.0
yes
1.3
0.0
0.0
3.9
---
1.3
---
0.0
0.0
0.0
0.0
-1.0
yes
0.0
0.0
0.3
0.2
1.0
---
0.3
---
2.8
49.6
9.0
34.0
0.0
0.2
0.0
-1.0
yes
11.0
0.0
0.0
0.0
---
2.75
---
0.0
3.0
-1.0
yes
9.0
0.0
35.8
0.0
0.2
---
9.0
---
-1.0
yes
15.9
0.0
0.0
0.0
---
3.975
---
0.0
0.0
0.0
0.0
0.0
0.0
0.0
0.0
0.0
0.0
8.6
0.0
0.0
0.0
0.0
0.0
-1.0
yes
0.0
0.0
0.0
0.0
1.0
---
0.2
---
0.0
0.0
0.0
0.0
-1.0
yes
0.0
0.0
0.0
0.0
0.0
---
0.0
---
-1.0
yes
0.0
0.0
0.0
72.4
0.0
---
14.48
---
4.8
0.0
-1.0
yes
0.5
0.0
0.0
0.0
0.0
---
0.1
---
-1.0
yes
16.0
0.0
6.4
37.2
0.0
---
11.92
---
0.0
2.4
0.0
0.0
0.0
11.6
0.0
0.0
0.0
-1.0
yes
0.0
0.3
1.4
0.0
0.0
---
0.33999999999999997
---
0.0
0.0
0.0
-1.0
yes
0.2
0.0
49.4
0.0
0.2
---
9.96
---
0.0
0.0
0.0
0.0
0.0
-1.0
yes
0.0
4.4
0.4
1.0
---
1.4500000000000002
---
0.6
0.0
0.0
-1.0
yes
0.0
0.0
0.0
0.0
0.0
---
0.0
---
-1.0
yes
0.0
0.0
0.0
0.0
---
0.0
---
0.0
0.0
0.0
7.0
0.0
0.0
0.0
0.2
0.0
0.0
0.0
0.0
0.0
0.0
0.0
0.0
0.0
0.0
0.0
0.0
-1.0
yes
0.0
0.0
0.0
0.0
0.0
---
0.0
---
7.0
0.0
5.0
5.4
-1.0
yes
0.0
0.0
0.0
0.0
0.0
---
0.0
---
0.0
3.2
0.5
0.0
0.0
0.0
14.4
0.0
0.0
0.0
0.0
0.0
0.0
0.0
0.0
10.2
0.0
0.0
30.8
68.2
0.0
0.0
10.2
0.0
0.6
0.4
-1.0
yes
0.0
3.266666666666667
4.6
3.2666666666666666
5.2
---
3.2666666666666666
---
0.0
0.0
0.0
-1.0
yes
1.3333333333333333
0.0
4.0
0.0
---
1.3333333333333333
---
-1.0
yes
0.0
0.0
0.0
0.0
0.0
---
0.0
---
0.0
0.0
-1.0
yes
0.0
0.0
0.0
0.0
0.0
---
0.0
---
4.8
1.0
0.0
0.0
0.0
22.0
1.8
0.0
0.0
-1.0
yes
6.5
0.0
0.0
0.0
0.0
---
1.3
---
0.0
0.0
0.0
0.0
-1.0
yes
0.0
0.0
0.0
0.0
0.0
---
0.0
---
-1.0
yes
0.0
3.4
1.0
0.0
0.0
---
0.8800000000000001
---
0.0
0.0
0.0
9.4
0.0
0.0
24.0
15.6
55.2
3.9
34.6
3.2
3.0
16.0
0.0
8.0
10.0
0.0
5.6
62.8
0.7
9.2
0.0
-1.0
yes
9.2
0.0
3.433333333333333
1.1
---
3.433333333333333
---
19.2
7.1
0.0
0.0
-1.0
yes
1.5999999999999999
0.0
0.0
1.5999999999999999
4.8
---
1.6
---
0.0
0.0
15.0
2.0
0.0
0.0
-1.0
yes
91.8
0.0
49.1
1.0
67.3
---
41.839999999999996
---
-1.0
yes
16.0
0.0
23.2
11.200000000000001
5.6
---
11.200000000000001
---
9.0
10.8
3.0
21.0
0.0
-1.0
yes
0.0
0.0
0.6
0.0
0.5
---
0.22000000000000003
---
4.2
2.4
0.2
54.0
2.8
-1.0
yes
0.9
89.4
0.6
22.85
0.5
---
22.85
---
-1.0
yes
35.5
1.6
0.6
0.1
---
9.450000000000001
---
2.8
8.6
17.8
1.1
2.8
3.0
0.2
0.0
7.2
12.6
4.0
45.8
-1.0
yes
0.8
0.0
2.6
0.6
12.9
---
3.38
---
1.4
37.4
52.0
2.2
0.3
-1.0
yes
21.2
23.0
0.0
2.0
57.7
---
20.78
---
16.8
97.5
1.8
6.0
0.0
4.8
4.2
1.4
41.2
0.0
29.0
-1.0
yes
1.1
1.0
0.0
10.0
64.6
---
15.339999999999998
---
0.0
0.2
19.2
61.8
0.5
53.6
0.0
0.0
39.3
40.5
6.6
36.6
9.7
-1.0
yes
17.8
53.3
50.8
29.2
0.0
---
30.22
---
-1.0
yes
27.8
3.0
12.0
12.4
1.5
---
11.34
---
2.2
8.6
34.0
14.2
17.2
0.0
3.8
3.4
-1.0
yes
21.6
0.7
22.9
4.0
---
12.3
---
31.4
2.9
15.8
62.0
0.6
-1.0
yes
6.2
16.7
12.1
13.4
---
12.1
---
0.7
1.0
30.8
23.8
-1.0
yes
2.2
7.6
1.0
12.8
152.5
---
35.22
---
46.0
-1.0
yes
13.233333333333334
13.233333333333334
5.6
0.6
33.5
---
13.233333333333334
---
7.8
86.0
3.3
-1.0
yes
5.55
10.4
0.0
4.0
7.8
---
5.55
---
67.1
0.0
7.8
40.4
33.4
0.0
0.0
2.8
5.5
-1.0
yes
62.4
44.6
10.0
25.4
0.2
---
28.52
---
1.4
23.4
6.6
30.5
7.3
-1.0
yes
44.5
0.0
12.175
0.6
3.6
---
12.175
---
12.6
2.3
15.2
73.6
6.6
36.0
6.8
10.8
-1.0
yes
0.0
0.0
26.8
10.2
3.2
---
8.040000000000001
---
0.2
-1.0
yes
78.6
6.8
0.4
2.6
24.0
---
22.479999999999997
---
3.5
-1.0
yes
0.0
22.6
13.8
3.8
---
10.05
---
0.0
0.2
7.2
1.0
-1.0
yes
0.0
0.0
1.7
0.4
7.8
---
1.98
---
0.0
-1.0
yes
0.0
2.5
37.6
7.4
7.8
---
11.059999999999999
---
0.0
36.8
3.6
0.0
2.8
0.8
10.2
79.0
6.2
0.2
4.4
14.6
0.0
90.2
0.0
0.0
27.6
119.3
12.9
1.8
2.8
0.0
-1.0
yes
1.8
1.7999999999999998
2.8
0.0
2.6
---
1.8
---
22.8
5.2
0.0
-1.0
yes
0.5
19.0
9.6
18.6
2.4
---
10.02
---
0.0
0.0
4.0
0.0
1.3
-1.0
yes
0.0
0.0
0.0
0.0
5.4
---
1.08
---
-1.0
yes
0.0
0.0
5.4
0.0
0.2
---
1.12
---
0.8
9.4
5.4
3.6
23.0
21.0
0.8
0.6
-1.0
yes
0.0
2.4
0.7
0.0
1.2
---
0.86
---
-1.0
yes
1.0
2.0
0.0
1.0
---
1.0
---
-1.0
yes
2.233333333333333
0.7
2.233333333333333
0.4
5.6
---
2.2333333333333334
---
0.0
0.0
-1.0
yes
8.666666666666666
8.666666666666668
9.8
9.6
6.6
---
8.666666666666668
---
0.0
2.6
4.6
0.4
0.4
1.3
0.0
-1.0
yes
0.0
0.0
0.3
0.0
0.0
---
0.06
---
0.0
-1.0
yes
0.0
0.0
0.2
0.0
0.0
---
0.04
---
1.3
4.6
-1.0
yes
1.3
0.0
0.0
1.3
3.9
---
1.3
---
0.0
-1.0
yes
16.7
0.8
0.8
0.0
---
4.575
---
1.6
2.6
0.2
3.0
0.7
-1.0
yes
6.775
0.0
18.1
9.0
0.0
---
6.775
---
4.8
0.4
0.0
0.0
0.0
0.0
0.0
0.0
-1.0
yes
15.9
0.0
0.0
3.975
0.0
---
3.975
---
1.7
0.2
-1.0
yes
17.3
10.6
10.6
0.0
14.5
---
10.6
---
4.7
19.8
6.5
26.4
19.2
46.0
0.0
0.0
0.0
0.0
0.0
0.0
0.7
1.0
35.0
-1.0
yes
28.5
0.0
0.0
0.0
0.0
---
5.7
---
-1.0
yes
0.4
0.0
0.475
1.5
0.0
---
0.475
---
-1.0
yes
0.4
0.0
0.1
0.0
0.0
---
0.1
---
0.0
0.0
-1.0
yes
0.0
0.0
0.0
0.0
4.8
---
0.96
---
-1.0
yes
0.4
3.75
0.0
14.6
0.0
---
3.75
---
0.0
0.0
0.0
0.0
-1.0
yes
10.3
4.075
0.0
6.0
0.0
---
4.075
---
0.0
0.0
0.0
0.0
-1.0
yes
0.0
0.0
0.0
0.0
0.0
---
0.0
---
-1.0
yes
0.0
0.0
0.0
0.0
0.0
---
0.0
---
0.0
0.0
0.0
3.5
0.2
0.0
0.0
0.0
0.0
0.0
-1.0
yes
0.0
4.4
0.4
1.0
1.4500000000000002
---
1.4500000000000002
---
0.0
0.0
0.0
0.0
-1.0
yes
0.0
0.0
0.0
0.0
0.0
---
0.0
---
1.4
4.6
-1.0
yes
0.0
0.0
0.0
0.2
0.0
---
0.04
---
0.0
0.0
0.0
0.0
-1.0
yes
0.0
0.0
4.4
0.0
0.2
---
0.9200000000000002
---
0.0
0.0
0.0
0.0
0.0
0.0
0.0
0.0
0.0
0.0
0.0
0.0
0.0
0.0
5.6
0.0
0.0
0.0
0.0
0.0
0.0
0.0
0.0
0.0
0.0
0.0
0.0
0.0
0.0
0.0
0.0
0.0
0.0
0.0
0.0
5.7
0.0
0.0
0.0
0.0
0.0
0.0
0.2
0.0
5.2
51.6
0.1
0.0
-1.0
yes
1.3333333333333333
0.0
4.0
0.0
1.3333333333333333
---
1.3333333333333333
---
0.0
0.0
0.0
0.0
0.0
7.0
0.0
0.0
0.0
0.0
0.0
0.0
0.2
0.0
-1.0
yes
10.9
23.0
0.0
0.0
0.0
---
6.779999999999999
---
0.0
0.0
0.9
0.0
0.0
0.0
-1.0
yes
0.0
69.6
0.0
17.4
0.0
---
17.4
---
6.2
44.6
0.0
0.0
1.1
1.4
42.2
0.0
23.0
-1.0
yes
0.0
2.0
0.0
0.0
3.2
---
1.04
---
14.3
3.0
0.8
0.6
6.8
6.8
11.0
5.5
1.2
0.0
0.2
-1.0
yes
9.2
0.0
3.433333333333333
1.1
3.433333333333333
---
3.4333333333333327
---
0.0
1.2
2.3
0.0
4.8
50.0
48.6
22.0
5.0
0.8
77.1
67.3
5.6
7.9
14.4
5.3
0.8
0.0
0.5
20.4
52.2
-1.0
yes
97.1
3.6
0.0
13.6
0.2
---
22.9
---
10.4
0.0
0.5
-1.0
yes
35.5
1.6
0.6
0.1
9.450000000000001
---
9.450000000000001
---
0.8
0.0
20.6
-1.0
yes
8.025
27.0
4.0
0.0
1.1
---
8.025
---
-1.0
yes
6.2
28.4
0.0
7.6
2.8
---
9.0
---
1.0
28.3
0.0
0.0
0.0
0.0
0.6
12.9
47.8
0.0
1.2
43.0
68.6
57.7
56.8
29.0
-1.0
yes
142.0
16.2
1.4
40.35
1.8
---
40.35
---
-1.0
yes
11.7
23.8
0.0
12.6
6.0
---
10.82
---
12.2
18.5
17.8
16.1
17.3
2.2
56.9
64.6
64.3
56.5
102.1
25.9
44.2
35.4
127.0
4.2
4.0
0.0
-1.0
yes
7.825000000000001
11.3
13.4
0.0
6.6
---
7.825
---
3.6
0.2
0.0
1.5
22.0
0.0
21.0
39.7
0.6
32.2
6.2
2.0
-1.0
yes
21.6
0.7
22.9
4.0
12.3
---
12.3
---
0.0
2.6
7.2
0.3
9.9
-1.0
yes
6.2
16.7
12.1
13.4
12.1
---
12.1
---
2.8
0.8
-1.0
yes
0.0
0.8
0.0
19.0
30.8
---
10.120000000000001
---
6.6
152.5
66.6
33.5
51.4
69.2
9.2
7.8
0.0
-1.0
yes
28.2
0.5
56.8
62.2
0.0
---
29.54
---
4.8
-1.0
yes
4.4
20.5
14.6
0.0
40.4
---
15.98
---
0.0
-1.0
yes
61.4
24.5
32.8
33.8
0.0
---
30.5
---
27.4
0.4
37.6
0.2
18.8
7.2
0.6
15.2
-1.0
yes
31.3
32.7
0.0
15.4
7.3
---
17.34
---
3.6
16.9
104.2
0.0
75.8
68.8
12.7
14.6
1.4
3.2
4.8
24.0
3.8
-1.0
yes
0.0
22.6
13.8
3.8
10.05
---
10.05
---
53.8
0.0
0.0
11.0
7.8
10.7
7.8
0.8
4.2
18.8
1.6
-1.0
yes
4.0
2.15
0.8
1.0
2.8
---
2.15
---
-1.0
yes
12.0
0.0
9.3
0.3
0.8
---
4.48
---
0.6
3.6
53.8
-1.0
yes
0.0
7.5
1.4
6.0
0.2
---
3.02
---
0.3
2.4
22.2
-1.0
yes
0.0
4.2
47.1
0.2
90.2
---
28.340000000000003
---
0.0
-1.0
yes
0.0
6.0
0.0
0.0
0.0
---
1.2
---
26.2
0.0
0.0
0.3
5.0
24.8
2.6
-1.0
yes
0.0
0.0
7.8
0.0
22.8
---
6.12
---
2.0
5.2
2.4
-1.0
yes
1.4
1.7999999999999998
1.0
4.8
0.0
---
1.8
---
0.0
0.0
0.0
-1.0
yes
21.266666666666666
21.266666666666666
62.5
0.0
1.3
---
21.266666666666666
---
5.4
0.2
0.8
0.0
0.0
0.0
0.0
0.0
0.0
0.0
1.2
-1.0
yes
1.0
2.0
0.0
1.0
1.0
---
1.0
---
5.6
0.8
1.2
6.6
0.0
0.0
-1.0
yes
0.3
0.0
0.0
0.0
4.6
---
0.9799999999999999
---
0.0
1.8
0.0
6.9
0.0
-1.0
yes
1.8
2.6
12.8
4.300000000000001
0.0
---
4.300000000000001
---
0.0
0.0
0.1
3.9
-1.0
yes
0.0
0.0
0.0
0.0
0.0
---
0.0
---
-1.0
yes
16.7
0.8
0.8
0.0
4.575
---
4.575
---
0.5
5.0
1.0
3.2
1.6
0.0
-1.0
yes
19.4
19.4
19.4
34.0
4.8
---
19.4
---
5.1
1.6
-1.0
yes
59.6
14.9
0.0
0.0
0.0
---
14.9
---
-1.0
yes
11.0
0.0
0.0
2.75
0.0
---
2.75
---
0.0
0.7
0.2
0.0
-1.0
yes
8.6
0.0
11.4
0.0
1.7
---
4.34
---
7.2
14.5
0       29.2
1       29.6
2       29.7
3       32.3
4       32.6
        ... 
2186    30.4
2187    30.7
2188    31.2
2189    31.5
2190    32.2
Name: TMAX, Length: 2191, dtype: float64
29.2
29.6
29.7
32.3
32.6
33.4
31.0
31.8
32.9
31.4
29.7
29.5
30.2
30.0
30.5
30.4
28.9
31.3
30.3
32.0
30.5
30.0
29.9
29.2
31.5
32.0
26.2
28.5
30.1
31.2
28.7
31.4
31.7
29.8
32.0
29.7
29.3
27.9
29.7
30.2
30.2
30.0
32.3
30.7
30.0
31.6
33.3
34.0
33.6
33.4
32.0
33.3
33.3
32.8
33.2
32.1
32.0
30.8
32.8
33.8
33.6
33.4
34.7
34.7
34.6
32.6
30.5
30.3
30.0
30.2
31.0
31.2
31.8
32.4
33.1
32.9
32.8
33.5
33.8
33.2
33.8
33.2
31.0
30.0
30.8
30.7
31.6
31.8
31.3
30.4
30.8
30.8
30.4
31.3
30.1
33.3
33.8
32.7
32.0
34.0
33.1
34.2
35.0
35.0
34.5
33.8
34.8
33.6
34.1
34.1
34.9
32.7
35.4
33.8
33.8
34.0
33.9
34.8
34.2
34.5
33.2
36.8
36.6
35.6
32.0
34.2
34.6
34.8
34.0
35.0
32.8
34.8
34.6
35.4
34.2
35.3
34.4
33.4
34.2
34.2
34.9
33.4
34.8
33.7
33.4
34.2
35.0
35.6
34.6
34.8
35.7
35.0
34.0
33.6
35.4
34.2
31.4
31.2
30.1
26.5
26.8
27.8
27.0
27.0
30.5
31.4
30.4
32.0
32.4
33.1
32.4
31.9
31.0
34.0
32.4
32.7
29.9
32.8
32.2
32.1
31.2
31.4
31.9
31.3
31.6
31.7
33.0
32.4
32.2
31.1
31.7
29.8
29.5
31.4
31.6
29.0
28.6
26.1
29.2
29.5
28.4
30.4
26.2
28.3
29.8
30.5
30.0
28.3
30.2
32.0
30.8
32.2
31.4
30.0
30.6
31.5
31.0
30.8
30.7
31.4
29.8
28.4
27.8
27.8
29.0
30.4
30.4
30.5
30.6
29.8
30.1
28.2
30.7
30.3
30.4
30.6
30.3
29.8
32.2
32.8
33.0
32.7
31.7
31.8
32.0
31.1
30.4
30.6
30.5
29.2
32.2
32.4
32.3
31.2
31.0
32.0
29.0
28.8
31.0
32.0
33.6
31.8
32.1
31.2
32.0
33.6
32.8
32.6
32.4
32.0
32.0
32.4
33.4
33.1
31.6
32.8
31.5
32.8
32.4
31.4
32.5
31.9
32.2
33.8
33.8
34.5
31.7
32.2
32.0
32.8
32.7
33.6
32.6
31.6
34.2
32.6
31.7
32.5
33.0
33.2
33.2
30.2
27.8
32.5
33.4
32.8
33.6
33.8
32.6
33.4
31.7
32.6
30.1
31.8
33.0
32.7
31.7
33.9
33.4
33.8
32.6
32.2
33.1
31.1
28.9
31.8
32.2
31.0
31.8
31.8
32.8
30.5
31.6
31.0
31.4
31.6
33.0
32.0
33.0
34.9
32.0
33.0
30.8
32.4
32.2
32.6
29.3
28.8
30.0
30.6
29.5
31.4
30.8
30.2
28.6
31.7
30.2
30.2
31.6
30.6
31.4
29.4
24.5
26.6
26.4
30.7
30.9
29.8
32.0
32.6
31.8
30.3
31.6
31.1
31.3
31.7
31.6
29.8
31.6
31.7
31.8
31.2
31.4
32.2
31.9
29.8
30.8
29.7
31.2
29.3
28.5
27.8
28.4
28.3
28.5
28.0
28.3
30.2
31.6
31.8
31.5
30.9
31.5
32.8
33.0
31.6
32.4
31.1
28.3
32.3
32.7
32.4
33.0
32.0
33.0
32.0
32.3
31.3
31.8
31.4
30.7
29.9
31.5
30.3
31.8
32.2
33.4
33.7
32.3
32.2
32.2
32.3
33.4
32.2
31.9
32.8
32.4
32.3
31.0
33.0
32.6
34.4
34.1
34.4
33.8
33.3
33.8
34.2
33.0
33.7
33.6
32.7
33.6
33.7
33.2
32.7
33.3
32.8
34.0
34.3
35.4
34.6
35.0
34.2
35.4
33.3
32.4
35.9
34.4
33.9
35.0
35.3
34.8
35.8
35.2
36.6
35.4
35.8
36.3
36.4
35.0
36.0
35.2
33.8
35.5
35.3
34.6
34.6
34.2
34.0
31.4
31.4
32.0
33.7
32.9
33.0
33.0
36.0
36.2
34.9
35.7
33.6
34.2
34.8
33.8
33.6
33.7
33.8
32.2
33.2
33.6
35.4
35.0
33.7
33.8
34.7
36.2
36.4
35.7
35.8
33.5
36.0
35.6
34.8
35.6
33.6
33.4
33.4
33.0
33.2
32.6
33.8
35.0
36.6
33.0
34.8
35.4
34.9
34.8
32.0
33.2
32.9
31.3
29.6
29.6
31.0
27.9
30.4
33.3
34.4
32.8
32.6
33.2
32.9
32.6
32.8
34.8
33.6
34.4
32.6
29.8
29.2
29.0
30.6
32.6
33.0
33.4
32.8
31.6
32.6
32.3
31.8
30.4
30.0
32.4
30.6
32.6
32.2
29.0
26.6
29.8
30.8
29.8
28.6
29.2
28.2
31.2
30.8
31.1
30.4
31.3
30.1
32.4
31.8
32.8
32.4
32.2
31.0
30.7
29.0
28.8
29.8
32.1
28.6
31.4
29.9
30.0
30.6
33.0
30.5
30.0
32.0
31.6
31.2
31.2
32.2
29.8
28.7
30.1
26.4
30.2
32.4
29.8
28.0
29.0
29.5
29.0
29.5
30.6
32.6
33.3
31.9
33.5
32.2
32.3
32.8
32.2
31.6
32.6
31.7
33.3
30.8
32.6
32.8
33.2
33.1
32.1
32.8
32.6
32.4
32.8
33.3
33.1
32.6
32.9
33.0
31.8
33.1
32.1
31.4
32.4
31.5
32.8
32.6
33.2
31.1
30.6
30.7
31.8
30.5
30.2
32.8
32.0
32.2
31.4
32.0
32.0
32.0
31.8
31.8
30.4
29.7
31.0
32.0
33.0
32.2
31.6
32.0
31.8
30.6
29.8
31.0
31.8
30.6
30.6
32.2
32.5
31.4
31.8
30.4
29.8
28.0
32.6
30.8
31.9
31.6
31.8
30.6
31.0
31.2
30.2
31.5
31.8
33.0
33.4
32.6
33.3
33.2
32.6
32.0
32.8
30.2
32.8
29.4
31.4
33.2
33.0
31.8
32.9
31.2
30.0
31.0
30.9
31.6
30.4
31.3
31.4
30.6
31.1
29.8
32.2
32.0
30.2
30.6
30.4
32.0
31.8
31.6
29.6
29.3
31.6
31.4
32.2
27.6
29.0
32.2
33.0
32.4
30.4
30.8
28.0
29.4
27.8
26.9
30.0
30.4
29.6
29.6
30.4
29.1
28.6
30.2
31.5
28.2
31.4
33.0
33.0
31.4
31.6
31.2
29.8
31.8
32.6
32.0
33.1
31.8
30.4
31.8
31.8
31.6
31.6
32.9
31.6
31.4
32.2
32.0
33.8
35.0
35.0
34.2
33.6
33.6
34.4
33.0
32.8
29.8
30.6
33.7
33.6
33.0
34.6
34.6
34.2
33.2
34.4
34.8
35.0
34.2
35.6
32.3
35.0
33.6
34.6
34.2
33.6
34.8
34.8
35.2
34.4
32.2
33.6
32.6
33.0
31.5
32.0
34.7
33.2
33.2
34.4
34.4
35.0
35.8
35.2
35.2
35.8
34.2
34.6
33.8
35.4
35.1
34.8
34.6
34.6
32.2
36.5
37.3
36.8
35.8
36.2
36.5
35.6
35.8
36.2
34.8
34.5
28.4
33.4
34.8
34.0
34.6
35.0
35.4
35.0
34.4
34.4
34.8
33.0
35.8
35.2
34.2
34.9
35.6
34.2
35.1
34.2
35.1
35.0
35.6
35.7
34.2
33.4
33.0
33.0
29.8
33.8
33.4
32.3
33.2
34.2
34.4
30.4
32.4
34.8
34.4
35.2
34.0
33.6
34.8
33.8
31.8
31.6
33.0
33.6
33.0
34.4
32.8
33.0
34.4
33.8
33.4
33.5
33.2
31.8
32.6
27.0
33.4
33.1
35.0
34.2
35.2
32.8
34.0
33.3
32.4
33.6
32.8
34.2
33.4
32.8
31.4
28.0
32.2
31.6
31.6
29.8
33.7
33.4
32.7
31.6
31.8
31.2
28.4
31.0
32.6
32.7
32.2
32.6
32.0
31.6
31.6
31.6
31.1
29.0
29.6
33.6
32.6
32.6
32.8
32.7
32.6
31.6
32.8
30.9
32.0
31.6
32.6
34.0
34.6
34.1
33.8
32.9
34.2
31.8
33.8
32.5
31.0
32.4
33.6
31.1
31.2
29.0
32.0
32.6
33.2
32.8
33.0
32.2
32.6
30.8
33.8
34.6
33.2
31.8
33.6
33.0
31.4
32.8
33.4
31.8
31.6
29.6
28.0
28.9
30.4
27.8
31.0
32.4
26.4
31.0
32.8
28.2
28.0
32.5
26.6
30.6
32.2
32.0
31.6
31.6
28.4
31.0
33.0
33.0
33.4
32.6
25.8
30.8
32.2
29.6
29.6
30.8
30.4
32.0
30.8
30.0
28.6
28.2
33.0
31.6
31.2
31.2
32.8
32.2
32.4
32.8
33.2
31.2
31.6
31.8
31.8
32.0
27.8
31.4
28.8
31.0
30.8
30.6
31.0
28.8
30.8
31.8
27.4
32.0
30.4
27.4
31.8
30.8
31.4
31.4
31.0
32.3
29.0
30.6
26.8
31.0
28.8
31.4
33.0
31.6
32.6
30.2
25.0
30.6
31.6
30.8
29.0
27.6
29.8
26.4
31.6
29.4
32.0
29.4
30.0
29.8
28.8
27.6
29.6
28.2
30.0
30.2
29.6
29.8
29.0
29.0
28.0
30.4
31.4
29.6
31.0
31.0
29.2
29.2
29.6
29.6
29.0
29.8
30.0
30.0
31.2
30.8
31.0
30.8
33.0
31.2
31.0
29.0
31.6
32.2
28.0
31.0
28.6
29.8
31.4
30.8
28.4
27.8
31.0
27.0
31.8
30.0
33.6
34.4
32.0
31.0
33.0
32.2
32.2
31.8
33.8
33.0
32.8
32.8
32.2
32.2
32.8
30.9
30.0
31.2
31.0
33.4
34.2
33.8
31.5
31.0
31.8
33.0
31.6
33.2
-999.0
yes
30.0
33.0
34.4
34.2
36.0
---
33.52
---
-999.0
yes
30.8
33.7
34.8
33.4
33.5
---
33.239999999999995
---
-999.0
yes
30.7
33.6
35.0
33.4
33.7
---
33.279999999999994
---
-999.0
yes
31.6
32.7
34.2
34.4
33.4
---
33.260000000000005
---
33.9
34.0
34.0
34.7
34.8
34.2
33.8
33.8
33.4
31.4
31.8
33.0
33.4
32.3
33.6
32.8
33.0
32.4
33.8
32.6
32.6
34.0
32.5
31.8
33.2
32.7
33.0
33.4
30.0
30.2
32.1
33.0
34.2
34.7
34.8
34.4
35.2
35.2
35.3
34.4
34.2
34.8
33.8
34.6
34.8
36.2
36.2
35.7
36.6
36.6
34.8
36.0
35.8
34.2
35.0
34.8
34.0
35.6
34.8
35.0
33.4
36.2
35.4
35.4
35.6
29.6
31.0
33.4
33.2
32.0
32.8
30.0
29.0
33.2
32.4
32.4
33.0
33.2
32.6
33.4
34.4
34.0
33.0
32.4
28.3
31.7
32.6
32.4
32.2
33.8
32.4
33.7
34.0
33.6
34.6
32.0
29.0
31.8
32.2
31.8
32.5
33.1
31.3
32.2
34.0
31.8
31.3
32.6
32.0
32.4
32.2
31.0
31.0
27.6
26.3
26.7
29.8
27.2
28.8
30.6
29.3
28.8
28.8
31.8
30.4
30.6
31.2
31.0
31.7
31.4
31.0
32.2
32.6
32.0
30.6
30.5
31.8
33.8
31.4
31.0
33.0
31.8
32.9
33.0
32.4
32.0
33.8
32.6
29.6
31.5
29.1
31.4
31.2
31.8
31.8
32.2
31.5
33.0
33.2
32.0
31.8
33.0
29.2
27.8
32.2
30.4
29.0
29.0
32.2
32.4
32.8
31.9
32.3
32.0
27.2
29.6
32.2
33.6
33.6
32.2
32.4
32.8
30.8
33.8
32.3
29.4
33.2
32.0
30.0
31.8
28.4
30.1
31.8
31.7
32.6
32.8
31.4
30.2
31.7
29.4
31.0
33.2
33.6
28.7
33.0
32.6
32.0
31.5
31.6
28.0
27.0
30.6
33.3
29.8
33.5
30.2
32.8
32.8
32.8
33.8
33.4
33.1
34.0
33.9
31.2
32.6
32.1
34.0
32.3
32.6
31.6
30.4
33.8
33.6
31.5
31.7
32.1
31.4
32.8
31.4
32.3
30.2
29.4
31.0
26.9
31.0
33.0
31.8
31.0
30.2
29.0
31.0
29.0
28.6
31.3
30.0
31.7
29.8
30.4
32.0
31.8
30.0
31.6
30.2
33.6
27.5
29.4
33.4
29.2
29.8
31.3
31.0
30.0
28.1
29.2
30.6
29.9
30.8
29.4
29.2
30.0
30.0
30.4
28.8
30.8
30.6
31.7
30.4
30.6
30.8
28.7
27.8
28.4
30.9
30.0
29.4
29.8
29.8
29.3
31.5
32.0
30.6
31.8
29.7
33.6
32.2
32.4
31.1
31.6
30.8
31.3
29.4
32.0
30.6
32.3
30.2
31.2
32.1
32.0
32.3
31.8
30.5
29.4
31.2
31.5
29.8
31.6
32.0
32.5
32.2
29.8
30.7
33.8
33.2
32.2
31.9
33.5
33.4
33.1
33.2
32.6
32.8
33.4
33.0
31.6
30.4
32.2
30.2
33.6
32.3
32.8
33.8
32.3
34.2
33.4
32.4
35.4
34.2
35.0
34.6
33.0
34.2
33.4
33.4
34.4
33.9
34.5
36.0
33.6
33.2
32.8
32.8
26.1
31.4
32.4
30.4
32.8
31.0
32.4
31.6
31.0
32.2
34.0
30.8
29.9
33.8
32.6
31.6
33.2
32.1
34.4
33.9
33.9
33.2
33.0
34.8
33.8
33.8
33.8
34.4
33.4
34.4
35.2
35.0
35.6
36.0
35.2
35.0
33.8
35.2
35.4
34.8
32.3
31.4
33.2
32.8
31.6
33.4
32.4
32.8
33.6
35.0
33.0
33.8
35.0
29.6
32.8
34.5
31.8
30.5
33.4
34.6
33.7
34.2
33.6
33.2
32.2
33.6
35.2
32.8
32.8
34.8
33.3
32.8
34.0
35.0
32.4
33.4
34.0
32.8
32.4
32.0
31.3
32.0
32.8
30.0
32.6
31.6
32.2
31.6
32.4
34.4
33.9
30.8
32.6
29.6
31.2
33.6
32.4
33.4
30.7
30.8
32.8
33.6
32.8
32.2
30.9
34.0
33.4
29.1
31.9
32.2
33.2
31.6
31.2
32.8
32.4
31.0
29.0
30.3
31.7
32.0
33.4
32.6
28.0
29.4
31.0
28.6
30.3
32.8
31.6
33.0
32.2
31.0
29.8
31.8
31.5
32.1
33.7
30.6
31.5
29.9
26.5
28.6
34.0
34.4
32.2
32.4
33.8
31.4
29.8
31.6
30.6
28.0
31.5
31.8
34.0
33.9
34.5
33.2
27.6
31.3
33.0
32.1
30.9
32.0
31.3
31.4
31.3
27.4
28.5
32.2
30.3
30.4
31.6
28.1
32.7
33.0
32.0
30.1
31.2
33.6
31.7
29.8
32.6
32.4
33.4
33.4
32.4
32.7
34.8
33.0
32.9
32.6
31.9
33.0
31.3
31.6
32.4
30.3
30.8
31.4
32.0
32.0
33.8
29.8
31.8
33.4
29.2
26.5
30.1
30.0
29.7
31.9
30.9
31.5
31.5
32.1
32.3
30.1
33.1
32.2
31.7
29.5
32.3
34.2
31.7
33.0
31.9
30.4
29.6
32.1
30.4
32.9
32.2
34.2
32.6
32.1
32.4
31.9
34.0
32.2
32.8
32.7
33.6
31.8
30.6
32.8
32.0
33.4
28.6
30.4
30.7
29.8
31.6
29.7
31.4
32.3
31.8
29.5
29.4
27.6
30.2
29.8
29.4
29.0
27.8
28.3
27.6
29.0
29.4
31.2
29.9
30.0
31.8
28.5
28.8
28.4
28.4
29.6
27.3
29.2
29.9
30.4
31.0
30.4
28.6
30.5
30.4
30.3
29.5
29.8
30.6
29.2
30.8
32.4
32.0
30.0
30.0
27.6
29.4
30.1
30.8
30.3
33.0
32.3
30.2
31.3
30.4
30.7
30.7
31.0
31.5
33.0
33.2
33.6
31.4
31.4
31.6
30.9
31.4
30.4
27.2
29.9
28.4
30.8
32.5
32.4
32.4
31.9
31.4
30.6
30.2
31.3
31.2
30.6
30.7
30.3
30.4
31.6
30.8
28.9
30.4
31.3
28.5
31.0
31.0
33.5
30.8
32.6
33.2
32.4
32.8
33.9
34.6
34.6
36.0
33.5
33.7
33.4
33.6
33.8
32.2
34.2
33.1
32.7
31.6
32.8
32.6
33.3
34.3
32.5
32.0
31.0
29.4
27.8
31.8
33.4
33.8
33.9
35.0
35.8
36.2
35.2
33.0
33.7
32.8
33.6
33.6
34.9
34.0
33.5
35.6
35.3
36.1
34.8
33.0
35.2
35.6
35.5
35.8
33.2
32.7
32.8
32.9
35.0
33.5
33.7
32.9
34.2
33.7
33.3
31.9
34.2
32.9
33.5
33.6
33.9
32.4
32.6
33.7
34.8
33.8
32.8
32.3
31.8
32.0
34.1
32.8
33.0
31.9
33.5
32.7
30.0
28.1
30.1
32.0
33.4
32.4
33.3
35.5
33.3
34.3
33.0
33.9
34.3
32.4
33.0
31.2
31.3
32.3
34.3
32.3
32.2
35.3
32.5
34.3
33.3
35.6
36.0
33.4
33.8
32.9
34.1
33.7
33.3
26.5
30.1
30.2
29.6
32.2
33.0
31.8
32.5
33.4
31.9
32.0
31.3
31.7
30.2
29.7
29.7
29.4
28.2
29.1
27.4
28.8
31.3
31.0
31.5
32.0
30.8
31.3
33.4
33.0
32.6
32.5
33.3
32.7
32.8
32.7
32.0
32.3
33.2
32.6
32.8
31.8
32.0
31.7
32.1
30.2
30.3
33.1
30.3
28.7
28.7
29.1
29.0
29.5
28.1
30.5
33.1
34.6
33.3
34.9
32.4
32.6
32.3
30.0
31.6
31.9
33.2
31.8
33.1
31.7
33.3
33.6
29.1
27.1
31.6
30.3
33.5
31.9
32.5
32.3
31.6
31.2
31.8
29.7
29.6
30.7
29.7
32.7
32.5
32.1
33.2
32.4
31.9
32.2
30.6
31.8
32.4
31.7
32.3
26.0
30.5
27.1
30.7
28.1
29.4
31.9
31.6
31.8
32.6
32.9
33.3
32.8
28.5
31.8
31.2
31.8
31.1
33.0
32.0
30.3
32.9
33.4
31.4
32.7
31.1
31.6
27.7
32.6
32.3
30.6
31.4
31.9
31.4
32.4
31.6
31.4
28.8
29.3
33.6
33.6
33.0
33.3
33.0
33.2
29.2
33.5
31.3
31.5
30.6
31.4
32.2
33.5
29.9
33.6
33.5
30.3
29.8
31.2
30.7
29.9
31.4
32.2
29.8
28.6
28.8
29.7
31.8
28.6
30.4
30.7
31.2
31.5
32.2
0       21.4
1       23.6
2       23.4
3       23.0
4       24.2
        ... 
2186    24.5
2187    23.5
2188    23.2
2189    23.8
2190    23.8
Name: TMIN, Length: 2191, dtype: float64
21.4
23.6
23.4
23.0
24.2
23.0
23.0
22.0
23.1
24.0
24.2
22.0
21.5
22.0
22.0
23.3
22.9
24.0
22.5
22.5
23.2
21.8
21.8
22.6
22.6
24.0
23.4
22.0
22.8
22.9
22.0
21.6
21.0
21.9
22.9
21.5
20.5
22.0
20.6
23.0
24.4
24.1
24.2
23.0
24.1
23.0
23.8
22.5
21.9
21.8
23.0
23.7
20.4
21.9
23.2
23.6
24.6
23.8
24.3
25.4
24.5
24.2
24.2
24.2
24.0
24.5
23.0
23.2
21.5
19.8
22.0
20.6
21.0
24.4
24.0
22.8
22.0
22.0
23.0
25.5
24.0
23.5
21.5
20.9
23.0
21.4
24.8
24.1
22.5
23.8
21.8
24.0
24.3
23.9
22.2
24.0
24.5
24.1
24.2
23.9
24.4
24.8
24.5
24.5
24.6
23.6
23.8
23.1
23.6
23.8
26.0
24.4
26.0
25.3
24.5
23.4
24.6
25.2
25.2
24.5
24.9
24.8
25.8
25.2
25.0
24.8
25.0
26.5
25.3
22.9
24.0
24.0
25.7
26.0
25.2
24.9
24.8
25.5
25.2
25.6
25.0
25.4
25.8
24.2
24.7
24.5
26.4
26.2
26.0
26.2
26.6
26.5
24.8
25.2
27.4
25.2
24.7
23.5
25.0
23.5
23.5
24.0
24.2
24.3
25.0
24.0
24.0
25.8
25.2
27.2
25.0
24.0
23.8
24.0
25.5
24.8
23.9
24.8
25.6
26.0
25.6
25.6
26.4
25.5
25.2
26.0
25.0
24.0
25.2
23.8
25.6
25.0
24.8
24.0
24.8
25.0
24.8
24.5
24.8
23.4
25.0
24.5
24.5
25.2
24.6
24.9
24.3
24.5
25.2
26.4
26.2
26.2
25.3
25.2
25.8
24.4
24.4
25.0
24.9
25.5
25.2
25.5
24.1
25.0
25.6
25.5
26.8
25.0
24.6
25.0
25.2
25.6
26.2
26.3
27.4
25.6
25.6
25.4
25.4
24.7
24.5
24.6
24.4
24.9
24.1
25.4
24.0
24.7
24.8
23.5
26.0
24.8
25.2
23.8
23.0
25.6
23.5
24.2
24.8
24.4
24.8
25.4
24.2
23.5
23.0
25.2
26.0
24.6
24.0
25.0
25.5
25.0
25.4
25.4
24.0
24.6
24.6
23.8
25.1
24.6
23.6
24.2
24.3
24.7
24.0
26.1
24.4
23.6
23.2
23.9
23.0
23.6
24.9
23.7
23.8
22.5
23.9
24.2
24.8
25.5
22.9
23.9
25.7
24.8
25.8
23.5
24.4
23.8
24.8
24.6
23.7
24.1
23.5
22.7
23.3
24.9
23.4
23.7
22.8
23.0
23.0
23.4
22.6
25.6
23.8
24.2
22.8
23.9
22.4
22.8
24.2
23.9
22.5
23.0
24.9
22.2
24.6
23.4
23.4
22.6
23.0
23.0
22.1
23.5
22.9
24.7
23.0
23.0
23.3
22.5
22.4
24.2
21.4
23.5
23.4
24.0
23.0
23.0
23.4
22.6
24.0
23.0
22.8
23.0
22.8
22.5
23.0
23.0
22.3
21.8
21.0
20.0
23.0
22.5
23.8
22.0
22.5
20.9
20.2
21.6
19.0
20.4
20.0
22.1
23.1
23.0
24.8
23.4
25.0
23.5
21.3
21.6
21.6
21.3
21.2
22.4
19.6
20.4
23.0
20.0
20.4
19.0
19.8
20.0
23.0
23.2
21.2
23.4
20.6
19.0
21.0
20.5
22.8
20.4
20.4
20.4
21.0
21.5
19.5
21.2
21.2
21.3
21.2
20.2
21.0
20.6
22.5
24.5
22.3
23.0
23.3
22.0
20.9
21.3
24.6
24.8
22.5
25.5
23.5
22.5
22.1
22.0
22.3
22.3
23.0
22.2
23.7
22.3
21.0
25.0
24.6
25.0
25.0
23.1
23.8
23.5
26.4
23.5
25.4
25.2
25.0
26.0
26.0
25.9
25.6
27.4
26.0
26.0
28.1
25.2
25.9
28.2
25.8
24.8
23.8
26.2
25.2
25.4
27.2
25.0
26.0
22.6
26.1
24.8
27.0
26.8
26.0
26.0
25.8
27.9
26.8
26.4
24.0
25.0
25.6
25.4
25.6
27.2
28.0
25.8
27.7
26.8
27.5
26.8
27.0
24.7
24.0
26.3
25.0
25.5
24.0
25.2
25.8
25.0
25.8
26.7
26.4
26.6
25.5
26.7
26.8
26.8
26.0
26.0
26.7
26.6
27.0
28.2
27.0
25.5
25.8
27.0
26.8
26.3
26.8
26.0
26.0
26.1
24.5
24.0
25.0
25.4
25.8
24.0
25.4
25.1
25.2
25.4
25.0
25.4
23.8
25.0
25.7
26.2
27.7
26.6
26.4
24.0
24.5
24.6
25.2
25.8
25.9
25.2
25.0
25.8
25.1
25.8
25.0
25.3
24.8
24.8
24.0
24.6
25.0
24.2
25.0
24.8
24.0
24.8
25.6
25.2
26.1
26.1
26.1
25.0
26.4
28.2
27.8
27.9
28.2
26.6
26.5
25.8
27.2
26.0
26.2
25.2
25.5
25.2
23.5
24.3
25.0
24.8
25.8
24.7
25.0
24.1
25.2
25.0
24.8
27.7
26.6
26.8
27.5
25.1
23.8
24.6
24.6
23.1
24.8
24.9
24.8
24.3
24.9
25.4
24.5
23.5
24.5
24.5
25.3
23.5
24.6
26.6
23.8
26.9
27.0
26.2
26.2
23.2
23.4
23.0
23.9
23.8
24.0
25.3
24.2
25.0
23.5
23.0
23.7
23.4
24.2
23.8
24.6
24.0
24.9
24.8
24.4
23.3
24.8
24.0
24.0
24.0
25.3
25.4
24.0
24.0
25.4
24.8
24.8
25.8
25.5
24.3
24.0
23.8
24.0
24.5
24.6
25.0
23.0
24.8
23.6
24.5
24.3
25.7
25.6
25.0
25.2
24.0
23.5
24.4
23.8
25.2
22.9
25.0
25.5
20.1
22.7
23.3
25.2
22.5
24.5
24.2
23.8
23.0
21.9
23.2
23.0
24.5
23.0
22.5
24.1
24.7
23.0
21.8
22.8
22.1
23.0
22.3
21.8
21.8
23.5
24.6
22.5
24.0
22.5
23.7
24.0
24.2
24.2
21.4
21.0
22.0
24.3
22.4
23.0
22.4
21.8
22.0
22.5
24.2
22.8
22.2
22.8
23.6
23.8
22.9
21.4
21.6
19.9
21.2
23.4
24.0
22.4
25.0
21.5
20.2
21.6
21.4
18.5
20.0
21.4
18.5
20.0
24.2
24.0
24.0
23.7
22.4
19.8
19.5
20.8
20.4
22.4
21.0
22.2
24.8
22.6
21.2
20.2
20.2
22.6
22.8
22.9
21.4
23.6
22.4
23.5
22.2
21.2
21.6
23.2
21.5
21.5
23.0
25.4
25.4
26.0
26.5
25.8
23.8
23.0
25.0
24.5
25.4
23.4
21.8
24.6
23.5
23.6
23.3
23.2
26.1
22.2
23.8
24.8
25.0
24.8
23.0
23.4
24.8
22.0
21.9
23.0
23.4
25.0
26.2
25.8
24.8
24.9
26.5
24.8
24.7
23.7
24.6
24.0
26.0
25.0
24.6
26.1
25.8
26.0
26.0
24.6
25.7
25.0
24.2
24.8
25.6
23.8
24.8
27.0
25.6
26.3
26.6
27.8
29.2
28.5
25.7
25.7
27.4
27.4
26.0
26.3
23.6
25.0
27.4
26.0
26.2
27.3
28.6
28.5
25.2
26.6
28.6
25.2
24.7
25.2
25.8
26.0
25.0
25.2
25.5
26.8
27.0
25.8
26.8
25.6
25.2
24.5
25.1
25.0
25.4
26.0
25.3
25.4
24.9
25.8
23.4
25.5
25.4
25.6
26.9
25.7
25.6
25.0
25.7
26.4
25.4
25.4
25.1
26.4
26.4
26.0
24.5
25.0
26.2
24.5
25.1
25.2
26.0
24.5
26.6
24.5
25.6
24.2
26.2
25.3
25.5
25.0
25.0
24.2
25.0
24.5
25.3
23.5
25.4
25.0
25.1
25.0
24.0
25.5
24.6
25.2
24.0
25.6
26.0
24.0
24.0
25.4
24.4
24.0
25.1
24.4
24.0
24.8
25.0
24.4
25.0
24.6
24.9
24.9
24.0
25.0
26.2
25.0
27.3
26.0
26.6
25.5
26.0
24.7
26.2
24.5
25.9
25.2
27.3
26.0
25.7
25.2
25.4
24.5
24.5
25.0
24.0
24.5
24.9
24.9
26.8
23.5
24.6
24.5
25.2
24.0
24.3
24.6
25.0
25.6
25.4
26.0
25.0
24.0
25.1
25.2
26.2
25.0
24.9
24.2
24.8
24.5
24.5
24.5
25.2
24.0
24.3
24.6
23.9
24.0
24.7
24.7
24.4
25.0
25.2
25.8
26.2
26.0
24.5
24.4
25.7
25.0
24.0
24.0
26.0
24.5
22.0
23.8
24.8
24.7
24.8
24.0
23.0
24.9
24.5
25.4
25.0
25.3
24.9
24.7
24.4
24.5
23.8
24.6
23.2
24.4
23.5
24.2
22.3
22.5
22.5
24.4
24.5
23.8
23.8
22.5
24.2
24.0
25.0
25.2
25.4
23.7
24.7
24.8
24.8
23.5
24.5
24.4
23.4
23.8
23.6
23.1
23.8
23.7
23.8
23.6
23.6
24.0
24.0
22.8
25.0
24.0
23.5
24.0
24.6
25.4
22.8
23.3
24.0
23.2
24.0
21.8
22.6
22.0
24.0
23.2
21.6
23.2
20.6
22.4
24.0
23.0
23.4
23.7
24.2
24.3
23.8
23.8
24.2
24.2
24.0
23.0
24.0
23.5
22.0
22.2
19.9
21.4
21.4
21.6
22.4
24.0
24.1
22.6
22.5
24.5
23.5
23.2
24.8
22.9
23.0
24.0
21.8
21.0
22.7
22.8
21.0
19.3
22.0
23.6
23.3
23.6
22.3
25.1
24.5
23.8
23.2
24.5
23.6
24.0
22.6
22.6
23.8
23.8
22.0
22.0
23.6
23.6
24.0
24.0
24.0
25.8
25.6
24.7
24.5
24.0
24.8
24.7
23.6
23.2
-999.0
yes
20.9
21.0
22.2
25.0
24.5
---
22.72
---
-999.0
yes
23.0
25.0
23.8
25.2
23.2
---
24.04
---
-999.0
yes
21.4
24.6
24.8
24.4
22.6
---
23.559999999999995
---
-999.0
yes
24.8
25.0
25.0
25.6
23.2
---
24.720000000000002
---
23.1
23.5
24.5
22.0
22.0
22.7
24.0
24.8
24.0
25.7
25.0
23.8
24.4
23.0
23.6
24.5
24.7
25.1
23.0
25.2
25.3
24.6
25.8
25.6
26.0
25.6
25.4
25.1
24.4
22.8
24.6
25.7
25.4
23.4
24.6
24.0
25.6
24.8
26.6
25.0
25.2
26.0
27.0
26.0
26.6
26.0
27.1
26.4
25.4
27.4
27.1
26.2
27.7
26.8
26.5
25.8
25.3
25.1
26.6
26.0
26.8
27.0
26.3
26.8
26.5
25.6
26.2
25.6
27.2
27.8
25.8
25.2
24.4
25.3
25.2
24.6
25.6
26.7
27.4
27.4
26.3
26.5
26.0
25.6
25.8
24.8
25.2
25.6
24.4
26.8
24.0
24.8
25.5
26.3
25.0
24.0
24.8
24.8
25.8
24.4
26.2
25.2
25.4
25.2
25.6
25.0
24.2
24.4
25.4
25.4
26.5
25.8
25.7
25.5
25.2
24.0
24.4
24.0
25.6
26.5
25.8
24.2
24.3
26.0
27.2
25.6
26.0
27.6
28.4
26.8
27.0
27.4
25.4
25.5
24.4
25.0
26.4
24.8
24.9
24.4
24.7
24.6
24.4
24.5
25.6
24.0
24.4
25.8
23.4
24.2
24.6
24.5
25.4
24.6
24.2
25.4
24.4
24.7
24.5
25.6
24.8
24.2
24.4
24.4
26.2
25.0
24.8
24.1
24.6
24.8
24.6
24.4
25.5
24.8
24.5
25.0
25.2
26.0
24.2
24.2
25.8
25.7
25.6
26.2
26.0
25.4
25.0
25.2
24.2
24.4
25.2
25.3
25.2
25.6
25.6
25.4
27.2
25.9
25.5
25.0
25.3
24.5
25.8
23.4
24.4
25.4
23.5
24.4
25.0
23.6
23.9
23.9
24.2
23.8
23.6
23.0
24.2
25.1
23.0
23.0
26.6
25.4
24.6
25.1
24.8
23.8
23.9
24.4
25.6
24.7
24.5
24.6
25.0
24.6
24.4
24.3
25.6
24.8
24.2
25.0
24.6
25.0
24.2
24.6
23.6
24.0
26.1
23.2
22.2
21.1
20.4
20.2
20.8
21.0
23.3
21.4
22.4
24.4
23.4
23.2
21.4
23.8
24.8
24.9
23.0
23.6
23.5
25.2
23.8
23.2
22.6
22.6
22.6
23.1
23.2
22.4
20.1
23.0
22.4
21.1
21.5
22.2
22.7
20.6
22.7
22.7
22.7
24.0
22.8
22.7
21.3
21.3
19.7
19.5
19.0
21.6
23.0
23.0
22.9
24.0
23.0
22.0
23.2
24.3
24.6
23.8
26.0
24.1
22.8
21.5
23.0
22.5
22.4
22.4
24.6
23.4
22.6
22.8
24.4
22.2
24.4
25.2
24.0
23.0
23.6
24.0
22.8
24.9
23.6
25.0
23.8
22.0
24.0
24.2
22.4
22.4
22.6
21.8
24.4
23.0
23.6
23.7
23.6
24.6
24.8
23.4
26.0
26.1
24.4
25.2
25.2
24.8
25.0
25.4
25.8
24.1
24.4
24.4
24.8
25.8
26.0
25.0
25.2
24.4
25.6
26.0
26.0
26.0
23.8
21.7
22.2
24.6
23.5
24.5
24.8
23.8
23.6
24.3
25.6
25.5
25.4
25.5
25.8
25.5
24.4
22.0
24.5
24.0
24.2
24.2
24.5
25.8
25.4
24.6
25.6
25.6
26.7
24.8
24.6
24.2
24.0
24.4
24.4
25.2
25.8
25.0
25.0
24.4
24.2
25.7
26.4
25.6
24.8
25.2
24.8
24.8
24.8
24.4
25.4
25.0
25.0
26.0
25.0
24.5
25.6
24.8
26.4
25.6
25.8
24.4
26.7
26.0
25.2
26.5
26.9
26.4
25.2
26.4
25.6
26.5
26.2
25.0
24.5
25.7
25.0
26.0
24.6
24.6
25.3
25.3
23.0
23.0
24.1
24.7
25.0
24.8
25.4
25.8
25.5
25.4
26.0
26.7
24.6
23.5
25.8
25.6
26.2
26.5
26.0
25.0
25.4
25.0
26.2
25.0
24.4
24.7
25.0
26.8
25.2
24.0
24.5
24.5
26.0
25.2
25.4
26.3
26.5
26.2
24.6
24.8
24.6
25.4
25.8
24.2
24.6
24.8
24.8
24.6
24.9
25.6
24.1
25.0
24.6
25.4
24.5
25.4
25.0
25.0
24.6
23.8
25.8
25.1
24.0
24.0
24.0
25.4
25.1
24.6
24.8
25.6
24.8
25.0
25.0
24.8
25.4
25.6
25.2
24.8
25.6
25.0
25.1
25.3
25.6
25.3
25.3
25.1
25.0
25.4
25.0
25.0
24.6
24.5
24.5
24.6
26.0
24.0
25.0
24.7
25.0
24.0
25.0
24.4
25.4
24.4
25.0
24.6
25.1
25.0
24.2
24.2
24.8
25.4
26.2
25.5
26.3
27.5
26.2
24.8
25.2
24.5
24.4
24.9
24.8
24.4
24.9
23.8
24.2
25.5
24.2
24.2
26.1
26.0
23.8
24.4
23.8
23.5
24.0
23.6
24.7
22.8
24.2
25.3
24.4
24.0
24.0
24.8
24.4
25.0
24.6
23.2
24.4
24.8
24.7
24.6
24.8
25.2
22.6
22.3
22.5
24.0
23.6
25.0
24.0
24.1
25.4
24.2
23.8
24.2
23.4
25.2
24.9
25.0
24.8
24.1
25.6
24.9
23.9
24.9
23.8
24.7
25.4
24.0
23.6
23.8
23.6
23.0
22.8
22.7
20.5
23.2
23.8
22.3
24.7
24.1
24.2
23.5
23.6
23.6
22.8
21.9
20.7
21.8
23.0
22.0
22.0
22.7
23.8
24.0
23.5
24.3
23.4
22.6
23.1
23.6
21.9
22.0
23.8
21.3
23.8
23.4
22.0
21.2
23.2
21.0
24.7
23.7
22.2
20.6
24.0
24.0
22.0
22.4
20.9
21.1
22.5
21.7
20.3
20.6
23.5
20.2
22.4
24.0
23.2
23.2
21.3
23.0
23.4
24.0
25.6
25.2
23.0
21.6
24.4
21.3
20.8
20.8
19.5
20.0
20.1
20.4
22.2
20.0
19.7
24.2
21.6
21.0
21.6
22.4
21.4
23.2
21.3
20.9
21.9
23.2
24.4
25.4
24.5
23.2
22.6
23.2
22.1
24.9
23.8
24.5
24.4
24.5
22.8
23.9
24.2
24.6
26.3
23.2
24.7
25.0
24.8
23.2
24.2
26.4
26.2
24.4
24.5
26.8
26.5
27.0
24.5
27.2
24.4
25.4
24.4
24.2
24.0
25.9
24.8
24.9
25.5
25.4
27.1
27.8
26.2
26.5
26.3
25.2
25.2
26.2
25.6
26.9
26.4
25.0
25.2
26.9
25.3
26.9
26.6
25.2
25.8
25.2
24.9
24.8
26.5
25.3
25.7
28.5
28.3
28.3
26.7
25.3
25.7
25.0
25.0
24.5
25.3
26.4
27.1
25.7
24.6
25.1
26.6
27.0
25.2
25.2
25.7
25.1
25.8
25.4
25.6
24.9
24.5
25.2
25.3
25.0
26.4
25.7
26.2
26.5
25.7
25.3
25.7
25.5
26.0
26.4
26.1
26.2
24.1
25.2
26.1
25.1
23.1
25.0
23.7
24.2
25.2
25.4
24.9
25.7
25.3
25.2
25.4
25.9
24.6
25.6
24.7
23.7
24.5
24.9
25.3
24.9
24.5
25.0
27.4
27.8
27.6
27.8
27.2
27.1
27.1
26.0
27.7
26.4
25.4
27.0
25.5
26.6
25.5
26.0
26.3
26.4
24.9
26.0
26.0
27.5
25.2
25.8
27.5
26.8
24.5
24.4
25.0
25.0
25.6
25.6
25.8
25.7
24.4
24.6
26.2
25.8
25.7
25.0
25.3
24.2
25.4
25.5
24.2
25.4
24.5
25.3
25.7
25.4
25.0
26.3
24.5
24.3
24.8
24.3
26.0
25.7
26.5
25.6
25.9
26.0
23.2
24.6
23.8
24.6
24.5
25.0
25.4
24.7
24.3
23.8
25.5
23.9
25.1
24.8
23.4
24.8
24.1
24.1
23.0
25.0
24.3
24.3
25.3
24.1
23.8
23.9
25.3
23.7
25.0
24.5
25.1
25.2
24.4
25.3
24.7
24.5
24.0
24.3
25.2
24.6
25.1
23.9
24.1
22.7
24.9
22.4
22.7
22.5
21.7
24.1
25.1
23.3
23.1
24.4
25.5
25.7
22.5
24.5
23.3
24.0
24.9
24.0
25.1
25.3
23.4
22.9
23.4
22.9
24.0
25.1
24.4
24.0
23.7
24.4
24.5
25.1
25.1
24.1
23.8
24.9
23.8
24.5
23.1
24.5
23.5
23.2
23.8
23.8
0       76
1       67
2       69
3       72
4       69
        ..
2186    80
2187    77
2188    78
2189    82
2190    80
Name: RH, Length: 2191, dtype: int64
76
67
69
72
69
63
80
85
74
71
68
71
63
66
65
79
82
77
70
68
77
80
75
89
73
75
91
77
78
73
80
70
71
66
65
70
68
80
72
68
75
77
64
64
69
71
62
67
67
56
67
66
62
61
62
66
65
71
68
63
66
65
63
59
63
68
75
73
67
64
65
67
62
64
64
65
67
60
66
69
65
58
57
61
62
67
63
64
72
69
69
74
77
72
70
61
57
66
67
70
67
60
62
59
62
59
53
55
58
60
62
69
58
64
67
72
62
57
64
63
71
59
53
59
76
63
66
65
66
63
66
69
67
62
75
69
61
63
65
65
65
76
67
79
80
72
64
61
67
72
64
64
73
70
59
75
87
82
84
94
91
93
92
91
82
78
84
80
73
70
80
80
81
77
78
78
91
76
73
72
73
78
74
78
72
75
74
81
80
80
78
84
80
83
78
86
89
96
86
88
86
81
94
91
86
82
81
85
88
81
82
82
81
82
78
81
81
77
84
76
83
86
91
89
85
81
78
80
84
83
80
87
81
79
78
80
82
82
77
70
69
72
81
80
78
78
82
81
88
84
79
78
79
84
84
78
84
86
82
85
68
78
86
91
78
67
73
78
76
73
75
70
70
68
80
78
77
70
68
75
74
72
84
70
69
65
79
79
81
77
73
70
78
79
69
70
71
67
65
67
69
65
88
71
69
75
69
72
67
69
73
65
73
70
65
65
68
62
64
66
66
67
62
68
82
79
70
74
72
69
69
73
71
71
69
71
65
75
72
68
73
66
76
64
73
66
80
88
83
77
74
68
71
70
79
80
94
93
83
84
75
84
80
88
91
82
77
80
67
76
79
73
67
76
76
70
68
72
64
64
65
69
62
65
64
65
67
68
67
64
66
65
72
66
66
74
75
66
67
62
68
66
62
60
63
69
58
65
84
61
55
61
59
65
57
59
56
63
63
61
65
64
60
67
62
58
59
62
64
62
61
57
55
61
67
69
59
62
66
62
62
55
56
50
54
55
53
48
60
54
54
62
61
60
56
59
57
56
58
61
63
60
51
63
61
63
75
62
61
59
60
61
70
55
53
55
54
51
54
46
53
51
57
55
56
64
67
64
63
66
78
78
83
74
75
74
72
64
62
70
64
68
67
71
74
79
78
74
84
69
78
76
68
74
74
65
60
61
71
63
75
57
59
62
65
84
70
69
73
79
76
72
68
62
68
74
74
73
73
81
81
80
86
91
89
79
94
78
65
68
74
73
73
71
73
73
70
79
71
80
82
84
86
86
77
76
78
84
80
76
78
76
84
88
77
83
81
82
91
91
84
84
82
87
84
88
77
77
79
81
78
79
74
77
74
79
80
80
79
81
86
94
83
88
80
86
82
84
73
86
86
68
72
73
76
77
90
80
81
90
80
81
90
94
86
82
90
89
79
71
76
84
75
76
82
72
78
77
76
80
72
86
78
77
68
69
72
71
78
79
67
68
68
73
69
71
77
79
76
82
75
86
75
69
67
80
83
80
74
85
84
75
77
78
83
77
73
82
78
72
80
70
73
76
75
75
77
73
75
82
87
83
79
70
79
78
69
74
68
64
73
83
71
82
78
79
69
68
72
74
74
75
77
70
68
73
66
70
71
75
68
80
65
82
80
72
71
70
69
78
74
73
71
69
69
67
74
78
70
78
71
74
80
75
77
69
76
76
79
74
65
64
65
82
81
77
65
68
74
65
73
68
70
73
67
65
72
85
80
70
67
70
63
77
68
64
69
71
64
64
64
61
59
65
65
69
72
66
64
61
67
60
67
69
67
65
67
66
68
68
63
59
58
62
69
68
67
57
63
65
62
60
61
57
52
50
59
56
54
61
55
58
54
51
57
55
54
60
63
67
62
64
66
72
67
66
73
65
69
63
59
57
63
62
56
63
64
63
57
62
59
61
56
76
65
58
63
65
57
69
69
60
64
75
74
94
75
69
67
70
68
65
70
76
69
62
74
72
68
73
72
57
71
73
69
69
65
62
70
66
77
82
82
82
70
66
84
70
67
67
84
77
68
69
71
72
72
67
71
76
71
71
64
73
64
80
75
72
71
78
77
79
85
80
90
79
79
64
68
67
70
72
77
84
77
78
78
76
78
78
91
84
82
90
84
74
76
72
87
89
85
89
86
87
77
81
77
82
81
79
86
85
90
87
76
74
72
75
73
70
73
77
73
76
78
74
71
71
70
72
78
75
78
75
83
84
78
83
87
79
80
77
85
81
71
77
84
79
84
75
72
78
83
78
81
79
81
80
86
79
86
93
88
86
93
89
83
94
80
80
88
91
76
94
79
76
80
90
85
82
73
73
86
74
71
94
79
79
87
82
79
82
81
84
83
92
89
73
83
80
81
75
78
75
74
73
76
74
69
71
68
90
82
90
73
74
75
78
83
84
80
93
77
83
94
84
82
80
77
79
71
88
83
94
84
86
76
70
73
74
86
95
79
84
77
62
72
72
89
77
85
73
80
71
66
68
68
66
70
72
75
72
70
74
77
90
84
84
81
85
87
88
86
82
73
70
64
73
73
68
70
69
73
72
69
84
86
75
71
87
81
74
73
70
61
64
67
67
86
82
79
64
65
74
80
74
75
68
68
64
58
63
60
69
65
62
72
72
71
75
70
74
76
77
75
81
67
63
66
-999
yes
61
60
52
60
58
---
58.2
---
-999.0
yes
62.0
54.0
50.0
69.0
62.0
---
59.4
---
-999.0
yes
67.0
54.0
59.0
63.0
59.0
---
60.4
---
-999.0
yes
63.0
62.0
56.0
58.0
56.0
---
59.0
---
62.0
61.0
65.0
57.0
55.0
57.0
59.0
67.0
63.0
64.0
60.0
60.0
60.0
64.0
63.0
74.0
66.0
68.0
66.0
68.0
63.0
65.0
72.0
73.0
73.0
68.0
71.0
66.0
78.0
73.0
68.0
71.0
68.0
65.0
59.0
63.0
60.0
59.0
62.0
62.0
66.0
63.0
66.0
65.0
60.0
54.0
61.0
59.0
62.0
58.0
61.0
59.0
63.0
68.0
73.0
69.0
70.0
70.0
65.0
67.0
72.0
68.0
72.0
67.0
68.0
84.0
81.0
78.0
72.0
74.0
78.0
89.0
86.0
77.0
87.0
77.0
71.0
70.0
73.0
72.0
70.0
66.0
69.0
82.0
84.0
77.0
76.0
76.0
78.0
71.0
88.0
76.0
72.0
75.0
77.0
76.0
91.0
86.0
82.0
79.0
73.0
76.0
79.0
77.0
73.0
85.0
81.0
81.0
82.0
80.0
79.0
78.0
83.0
91.0
94.0
94.0
92.0
94.0
92.0
80.0
89.0
94.0
93.0
80.0
79.0
81.0
82.0
82.0
77.0
78.0
77.0
78.0
74.0
75.0
84.0
83.0
78.0
74.0
87.0
83.0
75.0
88.0
80.0
77.0
79.0
82.0
78.0
79.0
88.0
84.0
91.0
89.0
88.0
88.0
82.0
81.0
79.0
74.0
72.0
77.0
80.0
83.0
87.0
96.0
79.0
84.0
90.0
89.0
80.0
80.0
87.0
87.0
80.0
82.0
92.0
91.0
78.0
70.0
76.0
76.0
77.0
78.0
85.0
75.0
80.0
88.0
76.0
86.0
84.0
88.0
90.0
82.0
80.0
77.0
78.0
78.0
80.0
85.0
82.0
87.0
91.0
78.0
75.0
83.0
74.0
74.0
83.0
78.0
81.0
91.0
91.0
88.0
70.0
77.0
65.0
78.0
66.0
69.0
68.0
66.0
63.0
69.0
69.0
73.0
83.0
71.0
72.0
67.0
70.0
72.0
76.0
86.0
74.0
76.0
74.0
76.0
78.0
80.0
83.0
74.0
74.0
79.0
85.0
81.0
91.0
85.0
77.0
69.0
66.0
65.0
69.0
67.0
72.0
75.0
63.0
63.0
65.0
75.0
75.0
67.0
62.0
69.0
66.0
80.0
79.0
91.0
90.0
76.0
86.0
84.0
80.0
76.0
80.0
74.0
70.0
74.0
70.0
64.0
67.0
69.0
63.0
65.0
65.0
72.0
68.0
79.0
76.0
78.0
69.0
69.0
69.0
75.0
71.0
67.0
71.0
67.0
70.0
69.0
81.0
71.0
76.0
79.0
70.0
83.0
74.0
70.0
72.0
81.0
71.0
72.0
67.0
73.0
63.0
68.0
62.0
74.0
75.0
61.0
67.0
65.0
67.0
73.0
81.0
71.0
70.0
76.0
71.0
72.0
65.0
67.0
88.0
73.0
65.0
68.0
69.0
64.0
61.0
56.0
64.0
69.0
69.0
65.0
60.0
63.0
65.0
67.0
64.0
72.0
78.0
75.0
81.0
78.0
73.0
68.0
76.0
78.0
62.0
61.0
62.0
68.0
65.0
60.0
69.0
63.0
58.0
61.0
61.0
59.0
72.0
61.0
59.0
64.0
95.0
76.0
74.0
80.0
73.0
74.0
70.0
76.0
78.0
70.0
68.0
77.0
72.0
63.0
64.0
71.0
70.0
71.0
61.0
60.0
67.0
78.0
68.0
65.0
67.0
65.0
60.0
58.0
63.0
59.0
60.0
63.0
61.0
59.0
59.0
66.0
64.0
62.0
62.0
73.0
90.0
82.0
80.0
80.0
82.0
80.0
73.0
78.0
77.0
67.0
72.0
76.0
71.0
84.0
72.0
67.0
76.0
92.0
73.0
69.0
73.0
66.0
70.0
73.0
80.0
73.0
67.0
75.0
76.0
71.0
77.0
78.0
73.0
69.0
79.0
84.0
83.0
76.0
83.0
78.0
80.0
75.0
79.0
83.0
78.0
75.0
74.0
80.0
73.0
67.0
77.0
84.0
84.0
92.0
83.0
73.0
84.0
81.0
89.0
80.0
76.0
74.0
81.0
82.0
87.0
73.0
69.0
88.0
79.0
85.0
74.0
86.0
79.0
78.0
79.0
79.0
95.0
85.0
80.0
78.0
71.0
85.0
94.0
86.0
83.0
87.0
77.0
72.0
81.0
73.0
82.0
82.0
91.0
76.0
78.0
80.0
78.0
87.0
79.0
82.0
93.0
88.0
76.0
71.0
82.0
84.0
80.0
84.0
89.0
81.0
85.0
94.0
86.0
79.0
80.0
79.0
75.0
82.0
92.0
79.0
78.0
75.0
80.0
78.0
77.0
83.0
78.0
94.0
90.0
78.0
83.0
86.0
85.0
91.0
82.0
78.0
82.0
91.0
86.0
77.0
79.0
86.0
82.0
73.0
73.0
84.0
81.0
73.0
66.0
72.0
72.0
86.0
83.0
69.0
72.0
81.0
75.0
88.0
91.0
82.0
83.0
83.0
76.0
88.0
77.0
66.0
80.0
96.0
87.0
86.0
85.0
80.0
83.0
89.0
83.0
79.0
80.0
81.0
77.0
78.0
78.0
87.0
80.0
73.0
76.0
74.0
74.0
89.0
91.0
77.0
86.0
78.0
80.0
70.0
77.0
75.0
73.0
72.0
73.0
78.0
79.0
79.0
74.0
78.0
82.0
74.0
77.0
69.0
83.0
82.0
80.0
81.0
75.0
85.0
84.0
81.0
87.0
72.0
68.0
82.0
79.0
76.0
67.0
60.0
63.0
65.0
70.0
74.0
75.0
79.0
67.0
80.0
75.0
88.0
83.0
94.0
90.0
71.0
76.0
75.0
73.0
72.0
71.0
74.0
79.0
85.0
77.0
74.0
81.0
72.0
71.0
72.0
81.0
69.0
64.0
63.0
68.0
72.0
65.0
64.0
62.0
66.0
65.0
66.0
69.0
65.0
70.0
78.0
80.0
73.0
66.0
63.0
68.0
62.0
68.0
67.0
58.0
64.0
62.0
68.0
86.0
88.0
83.0
73.0
73.0
71.0
64.0
63.0
58.0
60.0
70.0
64.0
59.0
64.0
61.0
59.0
67.0
68.0
67.0
70.0
66.0
60.0
75.0
61.0
62.0
64.0
68.0
63.0
59.0
64.0
65.0
60.0
55.0
62.0
58.0
62.0
59.0
56.0
59.0
63.0
71.0
64.0
64.0
65.0
68.0
62.0
60.0
62.0
63.0
63.0
65.0
65.0
81.0
91.0
77.0
72.0
70.0
72.0
61.0
63.0
62.0
67.0
73.0
63.0
65.0
65.0
63.0
57.0
61.0
66.0
69.0
62.0
59.0
60.0
66.0
59.0
59.0
63.0
68.0
74.0
83.0
71.0
70.0
69.0
74.0
72.0
82.0
74.0
76.0
75.0
77.0
77.0
76.0
75.0
77.0
80.0
82.0
76.0
73.0
66.0
65.0
72.0
78.0
79.0
76.0
74.0
80.0
81.0
87.0
76.0
77.0
89.0
92.0
90.0
79.0
73.0
83.0
83.0
62.0
73.0
79.0
78.0
74.0
75.0
80.0
78.0
76.0
79.0
77.0
77.0
82.0
75.0
74.0
88.0
73.0
67.0
65.0
65.0
73.0
75.0
83.0
76.0
76.0
78.0
97.0
86.0
86.0
86.0
79.0
74.0
84.0
87.0
81.0
88.0
80.0
85.0
81.0
83.0
89.0
91.0
94.0
91.0
94.0
95.0
92.0
85.0
84.0
79.0
78.0
82.0
81.0
73.0
77.0
80.0
76.0
75.0
82.0
73.0
78.0
80.0
77.0
75.0
73.0
77.0
80.0
74.0
82.0
77.0
82.0
82.0
78.0
81.0
88.0
92.0
92.0
94.0
89.0
89.0
86.0
77.0
70.0
78.0
71.0
74.0
74.0
91.0
84.0
82.0
83.0
81.0
82.0
77.0
82.0
77.0
82.0
91.0
95.0
75.0
87.0
80.0
83.0
86.0
87.0
83.0
80.0
82.0
85.0
81.0
97.0
80.0
78.0
81.0
87.0
73.0
75.0
85.0
78.0
81.0
77.0
76.0
74.0
80.0
96.0
86.0
91.0
86.0
87.0
87.0
83.0
78.0
80.0
82.0
74.0
69.0
64.0
87.0
84.0
82.0
78.0
86.0
76.0
80.0
84.0
78.0
72.0
79.0
76.0
78.0
74.0
88.0
70.0
68.0
69.0
65.0
71.0
73.0
69.0
78.0
82.0
82.0
86.0
78.0
73.0
78.0
70.0
76.0
74.0
80.0
73.0
83.0
80.0
78.0
83.0
77.0
70.0
86.0
70.0
78.0
82.0
83.0
81.0
68.0
83.0
77.0
75.0
82.0
74.0
77.0
75.0
68.0
84.0
80.0
77.0
78.0
82.0
80.0
0       2
1       2
2       2
3       1
4       1
       ..
2186    1
2187    1
2188    1
2189    1
2190    1
Name: WIND_SPEED, Length: 2191, dtype: int64
2
2
2
1
1
1
1
1
1
1
2
3
2
1
1
1
1
1
1
1
1
1
1
1
1
1
1
1
1
1
1
1
1
1
2
2
1
2
1
1
1
1
2
2
1
1
2
2
1
2
1
1
2
1
1
1
1
1
1
2
1
2
2
2
1
1
1
1
2
2
1
1
1
1
1
1
1
1
2
2
1
2
2
1
1
1
1
1
1
1
1
1
1
1
1
1
2
2
1
1
1
1
1
1
1
1
1
1
1
1
1
1
2
1
1
1
1
1
1
1
1
1
1
2
1
1
1
1
1
1
1
1
2
1
1
1
1
1
1
1
1
1
1
1
1
1
1
1
1
1
1
1
1
2
2
1
1
1
2
1
1
2
1
1
1
1
2
1
2
1
2
1
1
2
1
1
1
1
2
2
2
1
1
2
2
2
1
2
1
1
2
2
2
1
2
2
1
2
2
2
2
3
1
1
1
1
1
1
1
2
2
2
2
2
1
1
1
1
1
2
1
2
2
2
3
2
2
2
2
2
2
1
2
3
2
2
2
1
1
2
1
1
1
1
1
1
2
2
1
2
2
1
1
1
1
1
3
2
1
1
2
1
1
1
2
1
2
1
2
1
1
1
1
1
1
1
1
1
1
1
1
1
1
1
1
1
1
1
1
1
1
1
1
1
1
1
1
1
1
1
2
2
2
2
1
1
1
1
1
2
1
1
1
2
1
1
1
1
2
1
1
1
1
2
1
1
1
1
1
1
1
1
1
2
2
1
1
1
1
1
2
2
1
1
1
1
1
1
1
1
1
1
1
1
1
1
1
1
1
1
1
2
2
1
1
1
1
1
2
2
2
1
2
1
2
2
1
1
2
2
2
1
2
2
1
2
2
2
1
1
1
2
1
2
2
1
1
2
1
1
1
1
1
1
1
2
2
2
1
1
1
1
1
2
2
2
1
1
1
1
1
1
2
1
1
1
1
1
1
1
1
1
2
1
1
2
1
1
1
2
1
1
1
2
1
1
2
2
1
1
2
1
2
1
2
2
1
1
1
1
1
1
2
1
1
1
1
2
2
1
1
1
1
1
1
1
1
2
2
1
1
2
1
1
2
2
1
1
2
1
2
1
1
1
2
2
1
1
1
1
1
1
2
2
1
1
1
1
1
1
1
1
1
1
1
1
1
1
1
1
1
1
1
2
1
1
1
1
2
1
2
2
2
1
1
1
1
1
2
2
1
2
1
1
1
2
1
1
1
1
1
1
2
1
1
2
1
1
1
1
1
1
2
2
1
1
1
1
1
1
1
1
1
2
2
1
1
1
1
1
2
1
2
1
2
1
2
3
3
2
3
2
2
2
2
2
1
2
2
2
1
1
1
1
2
1
1
1
1
2
1
2
2
2
3
2
2
1
1
1
1
1
1
2
2
2
1
2
1
2
1
1
1
1
1
1
2
1
2
1
1
1
1
1
1
1
1
1
1
1
1
1
1
1
1
1
1
1
1
1
1
1
1
2
2
1
1
1
1
1
1
2
1
1
1
1
1
1
1
1
1
1
1
1
1
1
1
1
1
1
1
1
1
2
2
1
1
1
1
2
2
2
2
1
1
1
2
1
1
1
1
1
1
1
2
1
1
1
1
2
1
1
1
2
1
1
2
2
1
1
2
1
1
2
2
1
1
1
1
1
1
1
1
1
1
1
1
1
1
1
1
1
1
1
1
1
1
1
1
2
1
1
1
1
1
1
1
1
1
1
1
1
2
1
1
2
1
2
1
1
1
1
1
2
2
1
1
1
1
1
1
1
1
1
1
1
1
1
2
1
1
1
1
1
1
1
1
1
1
1
1
2
1
2
2
2
1
1
1
1
1
1
2
1
1
2
2
1
1
1
2
1
1
1
2
1
1
1
1
1
2
1
1
1
2
1
1
1
2
1
1
1
2
1
1
1
1
1
1
1
1
1
1
1
1
2
1
1
1
1
1
1
1
2
2
1
1
1
1
1
1
1
1
1
1
1
1
1
1
1
1
1
1
1
2
1
1
0
1
1
1
1
1
2
1
1
1
2
2
2
1
1
1
1
2
1
1
1
1
1
1
1
1
1
2
1
1
2
1
1
1
1
1
1
1
1
1
1
1
1
1
1
1
1
1
1
2
1
1
1
1
1
1
1
1
1
2
1
1
1
1
1
1
1
2
1
1
2
2
1
1
1
2
1
1
1
1
2
1
1
1
1
1
1
1
0
1
1
1
1
1
1
1
0
1
1
1
1
1
1
1
1
1
1
1
1
1
1
1
1
1
1
1
1
1
1
1
1
1
1
1
1
1
2
2
1
1
1
3
1
1
1
1
1
1
4
1
1
1
1
1
1
1
1
1
3
2
2
1
1
1
2
1
1
1
1
1
1
1
1
2
0
1
2
1
1
1
1
1
1
1
1
1
1
0
1
1
1
1
1
1
0
1
1
1
1
1
1
1
1
1
1
2
1
1
2
1
1
0
2
1
1
1
2
2
1
1
1
1
1
1
1
1
1
1
2
1
0
1
1
1
1
1
1
1
1
1
1
1
1
1
2
1
1
1
1
1
2
2
1
1
1
1
1
2
1
1
2
1
1
1
2
1
1
1
2
1
1
1
2
1
1
1
1
1
1
1
2
1
1
1
1
1
1
1
1
2
2
1
-999
yes
1
1
2
1
2
---
1.4
---
-999.0
yes
1.0
1.0
2.0
1.0
1.0
---
1.2
---
-999.0
yes
1.0
2.0
1.0
1.0
1.0
---
1.2
---
-999.0
yes
1.0
1.0
1.0
1.0
1.0
---
1.0
---
1.0
1.0
2.0
2.0
2.0
1.0
2.0
1.0
2.0
2.0
1.0
2.0
1.0
1.0
1.0
1.0
1.0
1.0
1.0
2.0
1.0
2.0
2.0
1.0
1.0
2.0
2.0
2.0
1.0
1.0
1.0
1.0
1.0
1.0
1.0
1.0
2.0
1.0
1.0
1.0
1.0
2.0
1.0
1.0
1.0
2.0
2.0
2.0
1.0
2.0
2.0
2.0
2.0
1.0
1.0
1.0
1.0
1.0
1.0
1.0
1.0
2.0
1.0
1.0
2.0
2.0
1.0
1.0
1.0
1.0
1.0
1.0
1.0
1.0
1.0
1.0
1.0
2.0
1.0
1.0
1.0
2.0
2.0
1.0
1.0
1.0
2.0
1.0
1.0
1.0
1.0
1.0
1.0
1.0
1.0
1.0
1.0
1.0
2.0
1.0
1.0
1.0
1.0
1.0
1.0
1.0
1.0
0.0
0.0
1.0
2.0
2.0
2.0
1.0
0.0
1.0
2.0
2.0
1.0
2.0
2.0
2.0
2.0
1.0
1.0
2.0
2.0
3.0
2.0
1.0
1.0
2.0
2.0
1.0
1.0
1.0
1.0
1.0
1.0
1.0
1.0
1.0
1.0
1.0
1.0
1.0
1.0
1.0
1.0
1.0
1.0
1.0
1.0
1.0
1.0
1.0
1.0
2.0
2.0
1.0
1.0
1.0
2.0
2.0
1.0
1.0
1.0
1.0
1.0
1.0
1.0
1.0
1.0
1.0
1.0
1.0
1.0
2.0
1.0
1.0
1.0
1.0
1.0
1.0
1.0
1.0
1.0
1.0
1.0
1.0
1.0
1.0
1.0
1.0
1.0
1.0
1.0
2.0
1.0
1.0
1.0
1.0
2.0
1.0
1.0
1.0
1.0
1.0
1.0
1.0
1.0
1.0
1.0
1.0
1.0
1.0
1.0
1.0
1.0
1.0
1.0
2.0
1.0
1.0
1.0
1.0
1.0
1.0
1.0
2.0
1.0
1.0
1.0
1.0
1.0
1.0
1.0
1.0
1.0
1.0
1.0
1.0
1.0
1.0
1.0
1.0
1.0
2.0
1.0
1.0
1.0
1.0
1.0
1.0
1.0
1.0
1.0
1.0
1.0
1.0
2.0
2.0
2.0
1.0
2.0
1.0
1.0
1.0
1.0
1.0
1.0
1.0
1.0
2.0
1.0
1.0
1.0
1.0
1.0
1.0
1.0
1.0
1.0
1.0
1.0
1.0
1.0
1.0
1.0
1.0
1.0
1.0
1.0
1.0
1.0
1.0
1.0
1.0
1.0
1.0
1.0
1.0
1.0
1.0
1.0
1.0
1.0
1.0
1.0
1.0
1.0
1.0
1.0
1.0
2.0
1.0
1.0
1.0
2.0
1.0
1.0
1.0
1.0
1.0
1.0
1.0
1.0
1.0
1.0
1.0
1.0
1.0
1.0
1.0
1.0
1.0
2.0
1.0
1.0
1.0
1.0
1.0
1.0
1.0
1.0
1.0
1.0
1.0
1.0
1.0
1.0
1.0
1.0
2.0
1.0
1.0
1.0
1.0
1.0
1.0
2.0
1.0
1.0
1.0
1.0
1.0
1.0
1.0
1.0
1.0
1.0
1.0
1.0
1.0
1.0
1.0
1.0
1.0
1.0
1.0
1.0
2.0
1.0
1.0
1.0
1.0
1.0
1.0
1.0
1.0
1.0
1.0
1.0
1.0
1.0
2.0
2.0
1.0
2.0
1.0
1.0
1.0
2.0
1.0
1.0
1.0
2.0
1.0
1.0
2.0
1.0
1.0
1.0
1.0
1.0
1.0
1.0
1.0
1.0
1.0
1.0
1.0
1.0
1.0
1.0
1.0
1.0
1.0
1.0
1.0
1.0
1.0
1.0
1.0
1.0
1.0
1.0
1.0
1.0
1.0
1.0
1.0
1.0
1.0
1.0
1.0
1.0
1.0
1.0
1.0
1.0
1.0
1.0
1.0
1.0
1.0
1.0
1.0
1.0
1.0
1.0
1.0
1.0
1.0
1.0
1.0
1.0
1.0
1.0
1.0
1.0
1.0
1.0
1.0
1.0
1.0
1.0
1.0
1.0
1.0
1.0
1.0
1.0
1.0
1.0
1.0
1.0
1.0
1.0
1.0
1.0
1.0
1.0
1.0
1.0
1.0
1.0
1.0
1.0
1.0
1.0
1.0
1.0
1.0
1.0
1.0
1.0
1.0
1.0
1.0
1.0
2.0
2.0
1.0
1.0
2.0
1.0
1.0
1.0
1.0
1.0
1.0
1.0
1.0
1.0
1.0
1.0
1.0
1.0
1.0
1.0
1.0
1.0
1.0
1.0
1.0
1.0
1.0
1.0
1.0
1.0
1.0
1.0
1.0
1.0
2.0
1.0
1.0
1.0
1.0
1.0
1.0
1.0
1.0
1.0
1.0
1.0
1.0
1.0
1.0
1.0
1.0
1.0
1.0
1.0
2.0
2.0
1.0
1.0
1.0
1.0
1.0
1.0
1.0
1.0
1.0
1.0
1.0
2.0
4.0
1.0
1.0
1.0
1.0
1.0
1.0
1.0
1.0
1.0
1.0
1.0
1.0
1.0
1.0
1.0
1.0
1.0
1.0
1.0
1.0
1.0
1.0
1.0
1.0
1.0
1.0
1.0
1.0
1.0
1.0
1.0
1.0
1.0
1.0
1.0
1.0
1.0
1.0
1.0
1.0
1.0
1.0
1.0
1.0
1.0
1.0
1.0
1.0
1.0
2.0
2.0
2.0
2.0
1.0
1.0
2.0
2.0
1.0
1.0
1.0
2.0
1.0
1.0
1.0
1.0
1.0
1.0
1.0
1.0
1.0
1.0
2.0
1.0
1.0
1.0
1.0
1.0
2.0
1.0
1.0
1.0
1.0
1.0
1.0
1.0
1.0
2.0
2.0
1.0
1.0
1.0
1.0
2.0
1.0
1.0
1.0
1.0
1.0
1.0
1.0
1.0
1.0
1.0
2.0
1.0
2.0
1.0
1.0
2.0
2.0
2.0
3.0
1.0
1.0
1.0
1.0
1.0
1.0
2.0
2.0
2.0
1.0
1.0
1.0
2.0
1.0
1.0
1.0
1.0
3.0
1.0
1.0
1.0
1.0
1.0
1.0
1.0
1.0
1.0
1.0
1.0
1.0
1.0
2.0
1.0
2.0
2.0
1.0
1.0
1.0
1.0
1.0
1.0
1.0
1.0
1.0
1.0
1.0
1.0
1.0
1.0
2.0
1.0
1.0
1.0
1.0
1.0
2.0
1.0
1.0
1.0
1.0
2.0
1.0
1.0
1.0
1.0
1.0
1.0
1.0
1.0
1.0
1.0
1.0
2.0
1.0
2.0
2.0
2.0
1.0
1.0
1.0
1.0
1.0
1.0
2.0
1.0
2.0
1.0
1.0
2.0
2.0
1.0
1.0
1.0
1.0
1.0
2.0
1.0
1.0
2.0
3.0
2.0
2.0
2.0
2.0
1.0
1.0
1.0
1.0
1.0
1.0
2.0
1.0
1.0
1.0
1.0
1.0
1.0
1.0
2.0
1.0
1.0
1.0
1.0
1.0
1.0
1.0
1.0
1.0
1.0
1.0
1.0
1.0
1.0
1.0
2.0
1.0
1.0
1.0
1.0
1.0
1.0
1.0
1.0
1.0
1.0
3.0
1.0
1.0
1.0
1.0
1.0
1.0
1.0
1.0
1.0
1.0
2.0
3.0
2.0
2.0
2.0
1.0
1.0
1.0
2.0
1.0
1.0
2.0
2.0
2.0
2.0
1.0
1.0
2.0
2.0
1.0
1.0
1.0
1.0
1.0
1.0
1.0
1.0
1.0
1.0
1.0
2.0
2.0
2.0
2.0
2.0
2.0
2.0
1.0
2.0
1.0
1.0
1.0
1.0
1.0
1.0
1.0
1.0
1.0
1.0
1.0
1.0
1.0
1.0
1.0
1.0
1.0
1.0
1.0
1.0
1.0
1.0
1.0
1.0
1.0
1.0
1.0
1.0
1.0
1.0
2.0
2.0
2.0
1.0
1.0
1.0
1.0
1.0
1.0
1.0
1.0
1.0
1.0
1.0
1.0
1.0
1.0
1.0
1.0
1.0
1.0
1.0
1.0
1.0
1.0
1.0
1.0
1.0
1.0
2.0
1.0
1.0
1.0
1.0
1.0
1.0
1.0
1.0
1.0
1.0
1.0
1.0
1.0
1.0
1.0
2.0
1.0
1.0
1.0
1.0
1.0
1.0
1.0
1.0
1.0
1.0
1.0
1.0
1.0
2.0
1.0
1.0
1.0
1.0
1.0
1.0
1.0
1.0
1.0
1.0
1.0
1.0
2.0
1.0
1.0
1.0
1.0
1.0
1.0
1.0
1.0
2.0
1.0
1.0
1.0
1.0
1.0
1.0
1.0
1.0
1.0
0        20
1        40
2        60
3       120
4       160
       ... 
2186     20
2187     90
2188     70
2189    180
2190     40
Name: WIND_DIRECTION, Length: 2191, dtype: int64
20
40
60
120
160
130
290
330
20
30
40
320
90
290
70
80
130
40
140
40
260
350
260
130
340
20
350
130
310
20
120
40
60
320
350
360
300
20
340
200
200
290
40
40
20
140
90
290
20
20
120
160
130
70
30
40
260
90
120
120
130
160
180
150
320
40
160
360
40
40
100
240
330
330
330
120
150
180
320
140
360
40
40
130
280
40
350
230
320
60
290
140
80
80
330
20
60
20
30
40
90
120
90
160
260
130
220
80
120
320
20
20
120
140
40
220
40
320
40
280
220
130
140
100
320
290
40
140
280
40
40
180
170
320
340
220
260
20
140
240
140
60
180
140
60
360
140
240
360
120
130
160
140
290
280
220
150
230
260
130
220
220
220
250
260
180
290
270
230
290
320
250
270
140
260
320
320
240
270
250
320
270
270
280
250
220
220
220
140
150
240
260
230
230
230
250
240
160
250
220
220
220
310
240
250
260
220
220
220
240
230
270
260
230
250
90
270
120
260
260
220
250
240
220
230
220
250
220
280
220
220
240
240
240
240
250
220
220
270
240
60
280
280
40
260
240
260
260
200
210
230
290
310
220
270
260
290
220
140
70
20
360
360
40
320
290
280
240
280
270
180
220
290
320
360
270
220
270
360
20
270
140
340
30
110
110
20
50
140
300
320
80
20
20
50
320
340
90
80
40
350
360
200
140
160
40
40
50
40
100
140
100
60
60
40
290
220
90
120
130
160
360
30
30
40
90
300
320
20
250
20
40
320
360
40
20
270
120
300
100
100
20
360
100
50
80
30
320
10
40
100
40
50
50
20
60
20
40
90
60
60
360
360
10
20
140
120
330
90
160
40
40
120
170
50
20
320
360
100
100
80
40
100
160
100
40
60
70
40
40
340
20
80
20
60
290
40
120
200
130
250
140
140
170
290
110
120
80
120
120
170
220
130
130
130
100
120
140
320
290
140
60
100
160
150
140
350
130
130
130
140
230
160
230
270
200
280
290
180
360
140
30
60
130
140
120
220
160
150
100
100
130
160
160
50
320
140
100
150
160
290
100
150
90
20
170
360
160
140
120
170
300
200
220
360
160
110
100
150
130
120
160
150
160
160
130
200
290
240
290
260
180
230
270
290
40
200
230
40
270
260
270
260
290
260
270
260
230
200
130
200
160
220
150
300
90
150
40
110
40
250
130
120
20
130
250
90
240
270
240
300
320
140
180
240
240
40
40
340
270
270
200
250
360
220
220
220
200
270
250
230
220
270
240
220
200
140
40
250
300
90
240
200
210
180
290
320
280
360
270
280
270
220
200
150
270
290
270
290
200
230
230
220
220
220
180
240
280
240
270
270
270
260
290
280
280
250
270
270
270
230
220
250
270
220
270
280
270
120
210
270
220
260
230
300
230
130
240
250
350
140
180
200
220
250
230
260
230
270
280
20
150
120
220
250
300
210
230
280
100
300
40
220
20
80
20
50
200
240
360
40
70
20
40
70
40
320
100
70
280
60
200
40
40
20
10
100
20
50
40
140
220
270
300
240
270
120
300
360
50
360
10
300
360
250
320
200
340
180
300
10
10
10
30
360
300
30
360
10
30
360
360
90
30
10
300
20
60
20
20
20
40
360
10
80
360
20
80
340
50
10
30
20
40
140
180
160
50
90
30
40
60
80
20
30
40
100
10
90
30
10
310
350
360
30
20
360
300
40
30
130
120
120
360
300
280
350
10
360
20
320
40
40
140
70
40
180
320
10
30
40
120
150
120
140
140
220
340
40
60
70
360
20
40
130
80
10
60
360
150
290
120
40
90
300
300
130
140
150
180
90
120
130
180
290
90
180
130
150
120
160
210
180
120
150
130
40
170
170
10
10
200
140
130
220
120
140
240
30
130
160
150
30
40
290
230
20
90
140
110
150
80
150
320
140
90
90
130
140
80
130
180
120
320
140
140
220
230
220
270
340
180
200
200
40
350
140
220
140
230
320
90
150
220
350
320
140
160
170
220
130
150
190
190
230
230
180
20
50
150
290
360
230
180
150
150
290
0
180
320
300
140
200
140
220
360
360
140
120
200
180
220
270
180
150
360
20
220
20
160
330
320
280
10
60
280
360
150
150
20
40
70
250
100
220
10
60
200
260
350
140
180
10
240
260
50
160
130
20
180
120
180
180
290
30
30
40
20
20
200
40
240
360
360
220
270
200
220
260
220
270
300
340
220
220
290
220
340
340
220
20
60
130
160
360
0
100
10
10
360
90
170
10
0
90
290
10
70
20
200
120
340
300
330
130
300
180
290
120
60
20
130
80
180
180
180
270
160
150
260
120
320
50
160
150
180
220
140
310
90
90
170
10
360
360
320
140
360
120
120
350
10
360
20
20
270
140
160
260
360
180
320
90
180
360
10
360
100
40
340
10
0
50
350
10
300
80
290
100
280
300
80
90
20
0
170
40
20
200
360
120
0
10
320
40
80
300
170
60
120
360
360
150
330
330
300
340
360
0
10
360
130
50
20
360
360
50
10
10
360
20
300
70
360
50
10
360
0
300
320
10
360
40
320
360
360
60
10
200
20
360
20
360
360
360
360
360
260
340
20
360
340
120
150
30
360
360
320
360
360
120
150
170
360
90
20
120
120
90
130
160
360
40
360
360
10
50
10
360
360
140
220
360
170
360
360
60
130
130
-999
yes
130
150
150
120
160
---
142.0
---
-999
yes
280
100
130
140
180
---
166.0
---
-999
yes
40
100
40
110
140
---
86.0
---
-999
yes
350
130
170
80
90
---
164.0
---
40
140
120
90
120
100
110
60
100
130
120
200
40
360
360
250
150
180
360
200
320
180
340
360
340
270
220
320
360
130
210
180
360
360
140
110
140
120
360
120
360
160
130
360
90
120
140
130
360
100
130
160
150
360
260
200
220
120
360
150
50
10
280
360
340
130
290
110
360
200
230
140
360
360
90
130
160
280
270
180
360
330
290
360
230
250
200
260
360
150
360
250
280
360
130
50
320
240
120
140
300
360
20
360
360
330
360
0
0
40
230
220
210
360
0
360
220
220
180
250
260
290
260
360
180
260
260
250
220
180
240
280
240
360
230
360
10
360
360
360
150
360
360
220
360
360
180
30
360
340
360
20
360
250
360
360
360
360
320
360
300
360
350
10
360
360
160
140
360
30
360
90
360
350
80
20
130
120
40
360
360
50
200
140
360
200
250
10
40
360
360
70
40
290
290
360
270
140
150
220
360
150
360
120
360
140
140
80
100
300
360
40
360
30
360
360
10
90
20
30
360
130
130
120
360
100
360
360
20
110
360
300
30
30
360
360
90
130
140
40
360
360
360
50
360
360
220
40
360
20
360
80
130
360
60
70
360
20
90
20
60
30
30
330
360
360
150
360
360
360
130
360
300
20
360
360
360
30
60
40
20
150
350
20
80
60
240
20
360
360
130
30
50
110
20
340
40
90
130
220
220
80
10
20
140
140
140
230
40
180
340
130
20
40
130
90
270
50
70
130
270
20
140
280
80
360
40
20
120
30
30
30
40
30
20
30
120
120
140
30
150
50
110
20
30
240
40
90
100
220
40
300
120
140
270
300
110
120
20
140
130
120
140
110
80
120
130
110
360
150
60
100
100
60
50
40
100
30
350
280
30
240
20
90
120
70
70
40
140
350
120
320
140
40
90
140
130
160
130
140
120
130
140
120
130
130
130
260
200
140
140
320
160
130
140
180
90
170
190
20
130
120
120
260
120
120
140
130
160
190
90
220
140
40
230
210
20
270
170
360
340
330
210
220
240
180
360
20
140
130
360
120
140
270
90
150
180
140
160
190
180
350
360
360
180
360
360
180
70
360
130
270
180
320
360
80
290
130
180
160
360
220
180
360
180
260
240
180
220
30
330
270
120
360
360
250
120
20
220
230
270
230
120
180
130
280
230
250
40
240
330
250
280
160
360
30
360
360
230
130
360
230
270
140
230
230
180
360
180
180
360
230
260
270
270
250
340
270
200
240
180
180
200
270
240
270
170
180
240
50
250
120
360
320
360
130
20
50
90
320
360
360
360
220
360
230
230
220
130
360
360
360
360
360
60
10
360
50
360
340
180
180
180
160
360
360
230
180
130
360
360
360
320
360
40
360
40
90
130
320
360
50
360
90
40
130
180
180
70
360
140
40
360
90
90
360
160
50
40
140
40
50
360
180
50
320
60
40
40
70
50
50
10
60
50
50
90
50
320
360
50
50
360
350
50
50
360
340
20
340
160
40
70
60
270
360
180
50
90
50
10
340
40
50
50
110
50
160
40
360
360
360
110
90
200
180
90
90
140
90
170
170
160
140
160
140
140
40
60
90
60
50
20
180
340
180
320
20
70
90
70
10
50
50
90
50
70
90
140
90
90
70
180
320
50
180
320
40
320
180
180
160
180
90
170
180
160
180
140
90
90
180
360
270
180
290
360
30
270
270
130
20
290
280
180
230
220
310
250
270
190
180
180
270
180
250
320
90
20
140
140
180
230
140
160
40
180
180
180
180
50
50
190
180
180
270
180
310
180
180
270
170
270
310
270
270
180
90
90
190
360
360
320
180
270
340
180
270
180
90
360
270
270
180
180
180
320
180
90
30
180
180
360
220
270
200
320
50
50
70
10
160
180
290
180
160
180
340
180
170
50
360
180
60
320
300
180
250
220
270
190
270
170
270
270
270
360
360
360
270
270
320
270
320
230
290
220
230
230
300
270
290
320
320
300
270
270
270
270
240
240
270
300
230
270
180
230
240
320
50
320
320
290
270
320
320
230
270
340
340
250
340
270
270
330
310
340
330
310
270
250
250
320
290
30
270
270
150
150
360
270
150
150
70
100
270
250
290
270
270
290
290
270
290
50
180
70
170
20
90
180
180
140
90
40
20
10
90
20
90
90
180
150
180
360
90
50
20
50
310
280
290
70
90
90
70
60
60
50
50
20
50
90
90
90
90
90
360
90
40
20
20
250
20
170
50
20
60
90
50
50
190
140
220
360
250
180
50
170
90
30
40
40
90
360
90
90
60
60
50
90
20
70
20
90
70
180
40
0       1005.7
1       1004.9
2       1005.9
3       1006.2
4       1005.9
         ...  
2186    1011.0
2187    1010.0
2188    1008.0
2189    1006.8
2190    1007.1
Name: BAROMETRIC_AIR_PRESSURE, Length: 2191, dtype: float64
1005.7
1004.9
1005.9
1006.2
1005.9
1006.1
1007.1
1006.7
1007.2
1007.3
1007.5
1008.1
1008.1
1007.5
1005.4
1004.5
1004.5
1005.9
1006.2
1005.4
1004.8
1004.7
1004.0
1004.1
1004.6
1004.1
1004.7
1005.2
1005.5
1005.9
1007.7
1006.6
1007.1
1007.5
1006.9
1007.5
1006.2
1005.0
1004.4
1004.9
1006.6
1007.4
1008.8
1009.2
1008.5
1008.0
1006.5
1006.2
1007.0
1007.1
1006.1
1005.2
1006.3
1007.4
1008.4
1006.6
1006.3
1006.3
1006.0
1004.7
1004.8
1004.6
1006.1
1006.3
1006.5
1005.7
1005.9
1006.7
1007.9
1008.9
1007.7
1007.0
1007.0
1006.6
1006.7
1007.2
1006.8
1005.1
1004.8
1003.4
1004.1
1006.9
1008.3
1009.2
1007.2
1005.3
1004.4
1004.3
1003.9
1003.9
1004.8
1005.6
1006.0
1005.4
1005.2
1005.3
1006.9
1007.7
1007.6
1007.4
1006.2
1005.9
1006.1
1004.9
1004.4
1005.5
1006.0
1005.9
1005.5
1005.4
1004.8
1004.7
1003.8
1003.9
1004.5
1005.6
1006.4
1005.6
1005.4
1006.2
1006.2
1005.6
1006.3
1006.9
1008.4
1006.6
1004.9
1005.5
1006.6
1006.6
1005.5
1005.1
1004.6
1004.4
1004.0
1003.8
1003.2
1002.3
1002.1
1002.4
1003.8
1004.8
1004.1
1004.2
1004.4
1004.0
1003.8
1004.1
1004.6
1004.1
1003.9
1003.0
1004.1
1003.7
1003.5
1003.8
1003.1
1000.7
999.4
999.9
1002.4
1003.2
1003.0
1001.9
1001.2
1001.5
1002.9
1003.5
1004.0
1005.1
1005.3
1005.2
1005.1
1004.7
1004.9
1004.7
1004.6
1004.5
1003.0
1001.7
1002.5
1003.7
1003.7
1003.3
1002.7
1002.3
1000.7
1000.2
1000.6
1001.0
1000.6
1001.5
1002.3
1001.1
1000.5
1000.0
998.0
999.3
1001.6
1002.7
1000.9
999.6
1002.1
1003.6
1003.4
1003.1
1002.4
1002.7
1002.4
1002.1
1002.6
1002.2
1002.1
1002.1
1001.5
1000.3
1001.2
1000.3
1000.1
1001.3
1003.3
1002.1
1000.1
999.1
1000.9
1001.4
1002.2
1000.4
1000.0
1001.3
1002.3
1001.7
1000.7
1001.6
1003.0
1002.9
1001.1
1002.6
1004.8
1005.6
1004.6
1005.4
1005.4
1003.6
1002.1
1003.0
1002.7
1001.4
1000.6
1002.4
1004.4
1005.2
1005.4
1004.0
1003.0
1000.7
994.7
996.6
1003.5
1005.6
1004.7
1003.4
1003.9
1006.2
1006.5
1004.6
1002.0
1000.2
1000.5
1000.8
1001.5
1001.7
1002.5
1003.9
1003.8
1004.6
1004.9
1005.4
1006.3
1005.6
1005.1
1004.9
1005.3
1006.1
1006.5
1006.1
1006.5
1006.4
1005.7
1004.6
1005.6
1007.2
1007.2
1006.7
1006.6
1007.1
1007.0
1007.1
1006.6
1005.6
1002.9
999.6
998.2
1003.8
1005.6
1006.7
1007.0
1006.2
1006.1
1006.7
1007.2
1006.5
1006.1
1007.0
1006.4
1004.8
1004.0
1005.6
1007.0
1007.2
1007.3
1007.7
1007.8
1006.5
1005.0
1006.1
1007.0
1008.2
1007.9
1008.4
1008.7
1009.1
1009.5
1008.8
1007.1
1006.9
1007.1
1006.6
1006.1
1005.6
1006.7
1007.5
1007.3
1007.4
1007.5
1008.9
1009.2
1009.2
1008.9
1008.6
1009.1
1009.8
1009.2
1007.4
1006.1
1005.7
1005.1
1004.7
1004.5
1004.6
1003.5
1004.0
1005.9
1008.6
1009.2
1009.9
1010.8
1012.1
1012.8
1011.6
1010.7
1010.4
1010.6
1010.8
1010.1
1009.4
1008.7
1007.5
1007.2
1008.5
1008.9
1008.3
1008.6
1007.6
1006.6
1006.1
1006.5
1007.4
1008.4
1009.5
1010.0
1011.0
1011.4
1011.3
1011.5
1011.2
1010.9
1009.9
1010.3
1010.1
1009.3
1008.7
1009.2
1008.7
1009.8
1011.8
1013.3
1013.1
1012.7
1012.0
1011.6
1009.9
1009.4
1010.6
1012.1
1012.6
1011.2
1009.3
1007.7
1007.5
1008.2
1008.5
1007.4
1007.6
1007.9
1006.1
1005.9
1007.0
1008.0
1007.7
1007.4
1007.7
1007.3
1007.5
1007.4
1007.9
1009.3
1009.1
1008.5
1008.8
1008.6
1007.7
1007.8
1007.5
1006.8
1006.7
1007.0
1007.8
1008.8
1009.9
1009.1
1006.7
1006.1
1007.0
1007.9
1008.3
1007.7
1008.0
1007.8
1007.0
1006.7
1006.3
1006.2
1006.3
1005.5
1005.0
1005.9
1006.5
1005.9
1006.1
1005.7
1005.3
1004.9
1004.2
1003.4
1003.7
1004.3
1005.1
1005.2
1004.6
1004.5
1005.2
1006.0
1005.7
1004.4
1004.4
1004.9
1005.7
1004.9
1003.5
1002.9
1002.4
1002.6
1003.0
1004.6
1005.0
1005.1
1004.9
1004.9
1005.3
1003.8
1003.5
1003.6
1004.2
1004.2
1004.1
1004.1
1004.7
1004.8
1003.9
1004.6
1004.8
1004.2
1004.0
1004.0
1003.6
1003.6
1003.9
1004.0
1003.8
1005.1
1005.8
1005.5
1004.3
1003.1
1003.0
1003.7
1004.1
1003.3
1003.2
1002.5
1003.8
1004.3
1003.8
1002.4
1002.1
1002.7
1001.8
1002.0
1004.5
1003.9
1002.4
1001.4
1001.9
1001.4
999.7
1001.7
1004.9
1006.4
1006.3
1004.3
1003.6
1005.0
1005.6
1004.6
1005.6
1006.6
1005.1
1003.4
1002.2
1001.2
998.0
997.3
1000.4
1003.2
1003.8
1003.4
1002.5
1002.1
1003.7
1004.7
1003.5
1002.7
1003.2
1003.6
1002.9
1002.4
1002.5
1001.4
999.5
997.7
998.1
996.7
995.1
995.8
999.5
1001.8
1001.9
1002.6
1003.0
1003.6
1004.4
1005.1
1005.3
1004.4
1002.4
1002.3
1003.6
1002.4
1001.0
1002.2
1004.2
1002.6
998.7
1001.3
1004.3
1004.0
1002.2
1001.8
1003.0
1003.9
1003.0
1003.0
1002.6
1003.3
1003.6
1004.0
1006.1
1003.4
1000.1
1000.7
1002.7
1002.8
1001.8
1002.2
1003.7
1004.5
1002.9
1004.3
1007.3
1007.9
1007.4
1007.2
1006.5
1006.1
1004.9
1003.7
1004.8
1006.5
1007.2
1006.4
1005.4
1005.2
1005.7
1006.1
1005.7
1005.3
1005.1
1004.3
1004.6
1005.8
1007.0
1006.6
1005.9
1005.7
1006.0
1006.1
1005.9
1004.2
1003.8
1004.4
1006.3
1006.6
1006.0
1004.0
1003.7
1004.6
1005.6
1004.5
1003.2
1002.4
1003.6
1003.3
1000.6
999.5
1001.1
1003.3
1004.8
1005.3
1005.8
1006.0
1005.7
1003.7
1004.3
1004.6
1004.0
1003.8
1003.3
1003.0
1005.4
1006.9
1007.5
1006.6
1006.5
1006.9
1006.1
1006.4
1008.1
1007.0
1005.0
1002.3
999.5
1004.6
1006.2
1005.6
1006.7
1007.9
1007.5
1006.6
1006.7
1008.2
1009.3
1008.7
1007.9
1007.5
1008.4
1008.0
1007.7
1007.2
1006.9
1005.9
1007.1
1007.0
1004.7
1005.3
1006.1
1008.0
1009.0
1009.7
1012.4
1011.4
1011.6
1010.1
1008.3
1009.0
1008.6
1008.0
1007.6
1006.8
1005.9
1005.0
1005.1
1004.9
1007.2
1007.9
1007.7
1007.8
1007.9
1009.6
1010.8
1012.7
1011.7
1010.2
1009.2
1007.0
1005.4
1005.9
1006.8
1007.2
1007.5
1009.8
1010.2
1010.9
1011.2
1009.4
1008.5
1008.6
1009.5
1009.9
1010.4
1011.3
1012.8
1011.4
1010.3
1008.7
1009.1
1009.7
1010.7
1011.3
1011.8
1012.7
1013.2
1012.8
1010.8
1009.4
1008.6
1008.6
1008.5
1008.1
1007.1
1007.1
1007.6
1007.9
1007.5
1006.8
1007.2
1006.4
1005.2
1004.8
1006.3
1008.5
1009.3
1009.1
1007.4
1007.9
1009.5
1009.9
1008.4
1008.2
1007.9
1008.4
1007.5
1006.6
1006.5
1006.6
1007.7
1007.1
1006.1
1005.5
1006.0
1006.4
1006.5
1007.6
1008.0
1007.4
1007.3
1005.5
1005.2
1006.2
1007.9
1007.8
1006.8
1005.6
1006.3
1007.4
1007.0
1006.8
1007.7
1008.0
1006.9
1006.7
1005.8
1005.7
1005.8
1005.4
1006.2
1006.5
1006.5
1005.9
1006.5
1006.3
1004.7
1003.8
1004.8
1004.8
1004.3
1004.6
1004.2
1004.4
1005.0
1004.7
1003.7
1004.6
1004.5
1003.6
1000.3
1002.2
1001.5
1001.9
1002.9
1003.8
1003.6
1003.8
1005.3
1007.1
1006.3
1006.0
1006.3
1006.8
1007.1
1007.8
1006.5
1005.9
1005.6
1005.2
1005.0
1004.6
1004.1
1003.2
1004.0
1003.9
1003.2
999.9
1001.6
1004.5
1006.7
1006.8
1004.7
1004.6
1004.7
1005.4
1004.2
1003.2
1002.8
1003.9
1003.6
1004.2
1004.5
1004.3
1004.8
1004.1
1004.4
1003.4
1003.5
1005.0
1005.0
1004.1
1005.0
1005.2
1003.3
1002.2
1004.0
1004.1
1003.1
1004.3
1004.6
1003.9
1003.7
1004.9
1004.3
1003.8
1004.1
1004.5
1003.9
1003.7
1004.1
1004.0
1003.5
1003.3
1002.3
1000.5
1001.0
1003.1
1004.5
1004.0
1002.9
1003.2
1003.5
1003.5
1002.7
1001.1
1002.5
1005.4
1006.6
1006.7
1005.6
1004.1
1003.5
1002.9
1002.5
1002.3
1002.6
1003.4
1005.3
1005.4
1005.2
1004.6
1003.2
1002.8
1002.3
1001.8
1000.7
1001.1
1001.7
1003.0
1004.3
1005.3
1003.0
1001.1
1001.8
1004.4
1005.9
1003.9
1002.2
1004.0
1005.6
1004.0
1002.6
1001.4
1001.1
1003.7
1006.2
1005.9
1003.9
1002.7
1003.1
1004.2
1003.4
1002.4
1003.1
1004.5
1005.1
1003.1
1001.5
1002.1
1003.1
1002.2
1000.4
1001.6
1002.3
1002.4
1003.1
1003.0
1001.8
1001.2
1001.8
1003.6
1003.2
1003.1
1003.3
1004.0
1004.2
1001.8
998.1
999.2
1001.2
1002.8
1004.1
1000.2
998.3
1003.5
1007.1
1006.8
1004.8
1003.4
998.5
1003.7
1005.3
1006.0
1007.0
1006.5
1004.9
1002.5
1004.1
1005.3
997.1
1001.5
1004.7
1006.4
1007.4
1005.9
1005.4
1004.9
1004.8
1005.1
1006.3
1006.9
1007.0
1006.7
1006.6
1005.8
1006.0
1006.0
1006.1
1006.2
1004.8
1002.3
1002.0
1003.6
1004.5
1005.0
1005.5
1006.0
1005.3
1005.7
1005.3
1004.4
1004.7
1005.7
1006.4
1006.9
1006.2
1004.8
1004.8
1004.9
1005.0
1005.0
1005.1
1005.3
1005.3
1004.7
1003.4
1003.0
1004.0
1004.3
1006.6
1007.5
1006.8
1006.9
1005.8
1006.7
1005.5
1005.1
1005.0
1006.2
1007.1
1007.5
1006.9
1005.8
1005.4
1004.0
1004.4
1005.0
1005.3
1004.7
1004.6
1004.0
1004.1
1005.3
1006.3
1005.6
1005.6
1005.8
1007.2
1007.8
1009.7
1009.8
1009.1
1008.4
1008.2
1008.7
1008.1
1007.3
1006.7
1006.6
1005.1
1004.5
1003.9
1005.0
1006.3
1006.1
1006.3
1006.9
1007.8
1009.6
1010.2
1009.0
1007.3
1004.9
1003.5
1003.3
1003.0
1003.4
1005.0
1006.7
1008.4
1008.1
1008.8
1009.4
1009.1
1009.3
1008.7
1008.6
1009.3
1009.1
1009.5
1007.8
1006.6
1005.0
1004.5
1005.1
1005.0
1004.1
1003.6
1002.8
1004.8
1007.1
1007.5
1006.2
1007.8
-999.0
yes
1007.2
1009.9
1007.7
1006.5
1005.1
---
1007.2800000000001
---
-999.0
yes
1005.3
1009.1
1007.1
1006.1
1005.8
---
1006.68
---
-999.0
yes
1004.4
1006.7
1006.1
1006.0
1006.5
---
1005.9399999999999
---
1002.6
1001.8
1001.7
1002.8
1004.2
1004.4
1004.8
1006.7
1006.8
1005.9
1004.7
1006.2
1007.8
1008.3
1007.6
1005.7
1004.7
1004.9
1005.0
1004.7
1002.2
1000.8
1000.8
1001.1
1001.2
1002.1
1004.0
1004.8
1006.2
1007.7
1007.1
1005.6
1005.7
1006.6
1006.7
1005.3
1005.6
1005.6
1006.3
1005.5
1004.5
1003.8
1004.5
1004.1
1004.0
1003.7
1004.1
1004.3
1004.6
1004.4
1004.4
1004.0
1004.9
1004.2
1003.9
1004.1
1005.1
1004.8
1004.6
1005.2
1005.2
1003.3
1002.2
1001.2
1001.6
1001.0
1004.2
1003.9
1003.3
1003.4
1004.5
1004.6
1002.8
1001.5
1003.2
1005.6
1005.7
1004.4
1003.8
1005.6
1005.7
1004.9
1004.3
1003.3
1004.3
1005.5
1005.4
1005.0
1005.3
1005.8
1005.6
1004.5
1004.5
1004.7
1004.6
1004.0
1001.6
1000.3
1001.8
1004.7
1005.1
1004.5
1004.4
1004.8
1005.1
1004.5
1003.7
1002.6
1003.3
1002.5
1000.3
1000.3
1001.4
1001.5
1000.4
998.1
997.8
999.9
1001.6
999.5
998.2
1000.0
1002.7
1003.2
1002.4
1000.9
1000.5
1001.4
1002.0
1002.7
1003.4
1004.7
1005.3
1004.2
1004.7
1007.3
1006.8
1004.6
1005.0
1006.8
1006.7
1005.1
1003.6
1004.0
1004.2
1004.2
1004.0
1004.5
1005.0
1004.6
1005.0
1004.4
1003.4
1004.2
1004.5
1005.1
1004.8
1004.0
1003.0
1004.0
1003.9
1003.7
1002.8
1000.1
1001.8
1001.8
1002.9
1003.3
1005.7
1006.8
1006.1
1004.4
1003.4
1004.3
1005.4
1004.6
1003.4
1005.4
1006.5
1005.3
1003.8
1002.6
1002.5
1002.1
1002.2
1003.8
1004.0
1003.9
1003.3
1002.0
1001.0
1001.9
1002.2
1003.0
1001.8
996.6
992.5
996.3
1001.8
1002.6
1001.3
1004.2
1006.1
1007.6
1008.1
1007.7
1007.0
1006.5
1006.2
1005.8
1005.6
1006.4
1006.6
1007.5
1008.3
1008.9
1008.4
1007.8
1007.2
1006.2
1005.4
1003.7
1003.0
1004.3
1005.0
1006.5
1006.0
1005.4
1006.6
1005.9
1005.6
1004.9
1005.0
1005.0
1002.7
1002.0
1003.5
1005.2
1005.4
1006.0
1005.7
1005.0
1005.1
1005.5
1005.6
1004.2
1003.1
1004.3
1006.1
1007.5
1008.0
1006.6
1005.9
1007.6
1008.6
1008.1
1007.2
1007.5
1007.0
1006.3
1006.8
1006.1
1004.3
1002.1
1005.5
1008.3
1008.4
1007.6
1007.2
1006.6
1007.2
1008.0
1009.1
1010.3
1010.5
1010.7
1011.1
1011.0
1010.9
1009.9
1009.4
1009.2
1008.0
1008.8
1008.9
1007.8
1006.5
1006.9
1008.0
1008.8
1009.3
1009.5
1010.4
1010.1
1009.5
1007.5
1005.5
1006.0
1006.8
1005.7
1005.3
1005.1
1005.0
1005.1
1005.4
1005.5
1004.6
1005.6
1007.2
1008.2
1008.2
1007.5
1007.8
1008.7
1008.6
1007.7
1008.0
1007.8
1006.7
1006.2
1005.1
1004.7
1005.8
1005.0
1004.6
1005.0
1006.1
1005.6
1006.3
1007.4
1008.8
1009.7
1009.7
1009.9
1009.5
1009.0
1008.7
1008.2
1007.4
1006.9
1006.1
1005.5
1005.5
1004.9
1004.1
1005.1
1004.4
1003.3
1002.7
1003.9
1003.7
1002.2
1003.2
1003.1
1002.5
1003.3
1005.6
1007.0
1006.4
1005.8
1005.9
1006.8
1006.5
1006.1
1006.0
1006.3
1006.7
1006.5
1006.9
1006.4
1006.6
1007.5
1007.3
1005.2
1003.8
1002.9
1002.6
1003.0
1001.9
1001.5
1001.1
1002.0
1003.0
1004.0
1005.8
1006.2
1006.2
1005.8
1005.8
1006.0
1004.9
1003.8
1004.0
1004.0
1004.0
1004.8
1005.3
1004.5
1003.3
1003.6
1004.4
1004.1
1004.4
1004.1
1004.4
1004.5
1004.5
1004.1
1004.0
1003.3
1003.8
1005.3
1005.1
1004.5
1005.1
1006.7
1006.2
1004.5
1003.3
1002.5
1004.4
1005.5
1004.3
1003.4
1002.7
1003.7
1004.1
1003.4
1003.8
1003.9
1004.2
1004.6
1004.7
1003.4
1002.4
1003.2
1004.0
1003.8
1003.7
1004.5
1004.2
1004.2
1004.9
1005.5
1005.0
1004.1
1004.6
1003.5
1002.2
1003.3
1005.5
1005.0
1004.0
1003.8
1003.6
1002.1
999.8
999.3
1000.2
1002.8
1003.2
1002.8
1002.7
1003.6
1003.7
1002.9
1001.4
1000.9
1001.7
1002.7
1002.2
1002.3
1003.2
1003.5
1004.3
1003.7
1003.0
1003.5
1005.1
1006.0
1005.0
1003.6
1002.4
1002.9
1002.7
1002.5
1001.2
1000.9
1001.9
1002.8
1004.0
1004.3
1003.9
1003.6
1002.4
1002.2
1002.8
1003.3
1003.1
1003.8
1004.8
1004.3
1003.2
1001.7
1002.9
1003.8
1004.3
1003.8
1003.8
1004.3
1002.3
1000.1
1000.8
1003.9
1005.0
1004.7
1003.2
1003.5
1004.6
1002.4
1001.5
1001.9
1001.3
1002.0
1002.9
1003.8
1005.1
1006.3
1005.6
1004.5
1004.8
1003.9
1003.2
1003.8
1003.7
1002.3
1001.8
1002.9
1003.4
1003.0
1004.0
1004.4
1004.1
1002.9
1000.5
997.3
999.9
1001.3
1002.8
1004.9
1006.0
1005.7
1004.7
1005.3
1005.9
1005.9
1005.8
1005.5
1005.5
1005.5
1003.7
1001.2
1001.5
1002.3
1001.4
999.4
1000.7
1001.6
1002.7
1004.9
1006.4
1006.8
1006.2
1005.1
1004.5
1005.7
1004.1
1001.0
998.1
988.6
995.2
999.4
1003.2
1005.3
1006.7
1007.9
1007.7
1006.9
1005.8
1006.6
1006.5
1006.1
1006.0
1006.0
1006.0
1005.0
1005.0
1005.1
1004.8
1005.3
1004.5
1003.6
1005.1
1005.9
1006.2
1007.1
1008.0
1006.6
1006.2
1006.5
1006.2
1005.6
1005.1
1005.0
1005.0
1006.1
1005.4
1004.9
1004.6
1003.3
1001.8
1001.3
1002.5
1003.5
1005.0
1005.5
1004.4
1004.6
1005.7
1004.7
1004.1
1002.8
1001.2
1001.7
1003.8
1005.9
1007.9
1009.1
1009.0
1008.4
1007.5
1007.5
1008.4
1008.4
1007.6
1007.2
1007.1
1008.3
1008.4
1008.7
1010.2
1008.9
1007.5
1007.1
1007.0
1005.7
1003.5
1003.3
1005.6
1007.5
1008.4
1008.0
1007.2
1007.4
1006.5
1005.6
1006.3
1006.5
1006.6
1005.4
1006.0
1007.6
1007.6
1007.5
1007.2
1007.4
1006.9
1006.5
1006.6
1006.1
1007.1
1007.5
1007.6
1007.5
1007.6
1007.3
1006.3
1006.0
1007.7
1009.4
1008.2
1006.1
1003.0
1003.6
1006.4
1006.1
1004.9
1006.2
1008.7
1010.5
1011.1
1010.5
1009.5
1011.1
1011.6
1011.6
1010.8
1010.6
1010.3
1009.5
1008.0
1008.0
1008.5
1007.3
1006.7
1006.3
1008.0
1008.5
1007.6
1006.8
1006.5
1005.3
1005.4
1004.6
1005.2
1006.3
1005.5
1005.1
1005.8
1006.5
1005.9
1004.6
1005.0
1004.6
1004.2
1004.6
1005.3
1005.9
1005.6
1006.5
1007.3
1006.7
1005.5
1004.2
1003.2
1003.6
1004.4
1003.7
1003.8
1006.6
1006.1
1002.7
1002.0
1003.3
1004.4
1005.1
1005.1
1003.9
1004.4
1005.5
1005.2
1004.0
1003.8
1004.8
1005.9
1005.6
1003.2
1001.4
1001.4
1002.2
1003.2
1003.9
1005.3
1006.3
1006.5
1005.6
1004.7
1004.9
1005.2
1005.3
1005.1
1004.7
1005.7
1006.1
1005.4
1004.9
1005.3
1006.3
1004.7
1002.7
999.9
999.0
998.2
998.8
1001.0
1003.8
1004.8
1003.5
1003.3
1004.3
1005.1
1003.2
1001.1
1000.9
1002.3
1003.1
1003.8
1004.3
1004.3
1004.9
1005.8
1005.0
1004.4
1004.2
1004.3
1004.3
1003.6
1003.2
1003.3
1003.4
1004.2
1004.6
1004.8
1004.9
1005.4
1006.7
1005.9
1005.2
1004.5
1005.5
1006.3
1005.8
1004.8
1003.4
1002.5
1001.4
999.9
998.8
998.4
999.8
1002.5
1004.1
1003.2
1002.9
1004.5
1005.4
1002.7
999.3
996.2
998.3
1000.8
1002.0
1003.3
1003.7
1003.2
1001.9
1003.1
1005.1
1007.0
1005.3
1003.1
1002.7
1003.6
1004.1
1003.5
1003.5
1003.4
1003.6
1004.3
1004.6
1004.3
1003.2
1003.1
1004.1
1005.0
1004.3
1003.7
1003.5
1004.4
1002.6
1000.1
998.0
997.8
998.9
1000.5
1001.3
1001.0
999.8
1000.3
1002.1
1004.7
1005.4
1004.9
1005.7
1004.3
1004.7
1004.2
1004.2
1003.4
1004.2
1005.8
1005.9
1005.1
1004.8
1005.0
1004.1
1003.7
1002.9
1003.2
1002.9
1004.0
1003.6
1002.9
1004.2
1004.2
1002.3
1002.7
1004.3
1005.0
1005.1
1004.8
1005.4
1005.9
1006.1
1006.1
1005.5
1005.7
1006.3
1005.5
1004.8
1005.6
1006.9
1007.4
1007.5
1007.2
1007.1
1007.8
1007.8
1007.3
1007.2
1006.9
1006.7
1006.1
1006.0
1006.1
1006.4
1006.4
1006.5
1005.6
1004.4
1005.3
1006.4
1006.4
1006.4
1006.4
1007.2
1007.7
1007.7
1008.1
1008.5
1008.5
1009.3
1009.5
1008.2
1007.4
1006.8
1006.4
1006.0
1005.4
1005.3
1006.3
1007.4
1006.2
1005.8
1006.8
1007.8
1007.3
1006.9
1007.6
1007.9
1006.2
1005.7
1006.6
1006.0
1006.9
1006.4
1006.0
1006.9
1006.8
1008.4
1008.6
1008.0
1008.2
1008.0
1007.8
1007.0
1006.4
1007.6
1010.3
1011.1
1010.4
1009.6
1010.8
1011.0
1010.0
1008.0
1006.8
1007.1
           0     1     2     3    4    5       6
0      0.000  29.2  21.4  76.0  2.0   20  1005.7
1      0.000  29.6  23.6  67.0  2.0   40  1004.9
2     12.675  29.7  23.4  69.0  2.0   60  1005.9
3      0.000  32.3  23.0  72.0  1.0  120  1006.2
4      0.000  32.6  24.2  69.0  1.0  160  1005.9
...      ...   ...   ...   ...  ...  ...     ...
2186   0.200  30.4  24.5  80.0  1.0   20  1011.0
2187   0.000  30.7  23.5  77.0  1.0   90  1010.0
2188   4.340  31.2  23.2  78.0  1.0   70  1008.0
2189   7.200  31.5  23.8  82.0  1.0  180  1006.8
2190  14.500  32.2  23.8  80.0  1.0   40  1007.1

[2191 rows x 7 columns]
